Number of Jobs:
10
Number of Machines:
10
Number of Tasks:
31
Number of Individuals:
100
Number of Iterations:
10
Mutation Probability:
100
Threshold Generations:
15
CrossOver Type:
1
Mode:
0
Factor:
0

ITERATION 1

BEST:
[7, 4, 1, 5, 0, 6, 3, 2, 9, 8, 0, 5, 4, 3, 7, 6, 8, 1, 2, 4, 3, 0, 6, 7, 1, 6, 4, 3, 6, 4, 3]
[3, 8, 5, 9, 8, 4, 1, 0, 5, 9, 3, 8, 7, 6, 5, 1, 6, 9, 6, 8, 0, 8, 4, 9, 7, 0, 4, 2, 9, 3, 0]
[20, 100, 280, 0, 150, 210, 0, 240, 0, 30, 230, 300, 330, 0, 20, 270, 280, 410, 0, 100, 0, 110, 140, 300, 310, 0, 190, 280, 90, 120, 150]
[100, 160, 450, 150, 210, 330, 230, 410, 30, 90, 300, 330, 480, 20, 70, 280, 410, 470, 90, 270, 110, 140, 260, 310, 420, 100, 280, 290, 120, 240, 190]
Tardiness: 12
Energy Consumption: 725.3983333333358
Number of generations: 88
Calculation time of this iteration (s): 10.834887504577637




ITERATION 2

BEST:
[9, 8, 2, 7, 1, 4, 0, 6, 3, 4, 5, 0, 8, 3, 1, 1, 7, 0, 6, 5, 2, 6, 3, 4, 7, 3, 4, 6, 4, 3, 6]
[2, 9, 0, 9, 1, 8, 8, 4, 7, 7, 9, 3, 6, 6, 9, 7, 5, 8, 1, 3, 6, 4, 0, 5, 3, 2, 4, 0, 3, 0, 9]
[20, 100, 160, 0, 130, 190, 0, 230, 0, 150, 230, 300, 330, 0, 20, 130, 260, 390, 40, 160, 0, 110, 140, 300, 310, 30, 40, 340, 0, 30, 0]
[100, 160, 330, 80, 190, 310, 230, 400, 20, 210, 300, 330, 480, 20, 70, 240, 390, 450, 130, 340, 110, 140, 260, 310, 420, 40, 130, 390, 30, 150, 240]
Tardiness: 24
Energy Consumption: 1075.6458333333233
Number of generations: 70
Calculation time of this iteration (s): 8.673726320266724




ITERATION 3

BEST:
[1, 6, 2, 3, 7, 8, 4, 5, 9, 3, 0, 8, 7, 0, 6, 1, 3, 5, 4, 2, 3, 4, 6, 7, 1, 0, 4, 6, 3, 4, 6]
[5, 9, 0, 1, 9, 9, 9, 1, 5, 6, 2, 6, 7, 3, 1, 9, 8, 3, 7, 6, 9, 8, 4, 3, 7, 8, 4, 0, 0, 3, 9]
[0, 130, 240, 0, 150, 230, 0, 230, 0, 30, 90, 210, 300, 60, 180, 230, 260, 420, 30, 190, 0, 110, 140, 260, 300, 20, 30, 370, 30, 90, 150]
[130, 190, 410, 150, 210, 350, 230, 400, 30, 90, 200, 300, 450, 140, 230, 240, 390, 480, 110, 370, 20, 140, 260, 270, 410, 30, 180, 420, 60, 210, 190]
Tardiness: 0
Energy Consumption: 677.2691666666711
Number of generations: 116
Calculation time of this iteration (s): 13.030500173568726




ITERATION 4

BEST:
[1, 6, 8, 9, 3, 7, 2, 5, 0, 4, 6, 1, 8, 5, 3, 7, 4, 0, 3, 6, 7, 2, 4, 6, 1, 0, 4, 3, 3, 4, 6]
[1, 9, 9, 5, 7, 9, 0, 9, 8, 8, 7, 9, 6, 8, 6, 5, 4, 3, 0, 4, 6, 6, 5, 0, 7, 8, 4, 2, 0, 3, 9]
[0, 80, 320, 0, 150, 210, 0, 270, 0, 170, 230, 300, 330, 80, 100, 150, 260, 390, 60, 150, 0, 20, 110, 300, 310, 50, 60, 230, 20, 50, 0]
[80, 140, 490, 80, 210, 330, 230, 440, 20, 230, 300, 330, 480, 100, 110, 260, 390, 450, 150, 320, 20, 100, 230, 310, 420, 60, 150, 270, 50, 170, 40]
Tardiness: 46
Energy Consumption: 755.9883333333413
Number of generations: 88
Calculation time of this iteration (s): 10.366507291793823




ITERATION 5

BEST:
[7, 0, 8, 4, 3, 5, 2, 1, 6, 9, 5, 8, 4, 6, 0, 3, 7, 1, 4, 2, 7, 3, 6, 0, 1, 6, 4, 3, 3, 4, 6]
[9, 8, 9, 6, 7, 1, 0, 5, 9, 5, 8, 7, 7, 1, 3, 6, 5, 9, 8, 6, 9, 0, 4, 8, 7, 0, 4, 2, 0, 3, 9]
[0, 80, 260, 0, 150, 240, 0, 230, 0, 80, 230, 300, 330, 0, 190, 250, 260, 390, 0, 80, 40, 80, 110, 300, 310, 0, 190, 280, 10, 40, 150]
[80, 140, 430, 150, 210, 360, 230, 400, 20, 140, 300, 330, 480, 80, 240, 260, 390, 450, 80, 250, 60, 110, 230, 310, 420, 10, 280, 290, 40, 190, 190]
Tardiness: 12
Energy Consumption: 723.3088333333372
Number of generations: 140
Calculation time of this iteration (s): 15.531562328338623




ITERATION 6

BEST:
[9, 6, 2, 8, 3, 7, 1, 4, 5, 6, 0, 3, 4, 8, 5, 7, 6, 0, 1, 2, 1, 3, 4, 6, 0, 7, 4, 3, 6, 4, 3]
[5, 9, 0, 9, 7, 9, 5, 8, 1, 7, 2, 6, 4, 6, 8, 5, 4, 3, 9, 6, 7, 0, 8, 3, 8, 9, 4, 2, 9, 3, 0]
[0, 130, 260, 40, 190, 250, 0, 230, 0, 20, 230, 300, 330, 0, 20, 250, 260, 390, 0, 80, 0, 20, 100, 220, 310, 50, 190, 280, 20, 80, 0]
[130, 190, 430, 190, 250, 370, 230, 400, 20, 80, 300, 330, 480, 20, 30, 260, 390, 450, 80, 250, 20, 100, 220, 310, 420, 60, 280, 290, 50, 200, 40]
Tardiness: 12
Energy Consumption: 834.6434999999958
Number of generations: 93
Calculation time of this iteration (s): 11.207108736038208




ITERATION 7

BEST:
[8, 3, 4, 9, 7, 6, 2, 1, 0, 8, 5, 1, 0, 6, 4, 7, 3, 5, 3, 4, 2, 1, 6, 7, 0, 6, 4, 3, 6, 4, 3]
[9, 7, 6, 5, 3, 9, 0, 1, 8, 6, 9, 9, 3, 1, 1, 7, 2, 3, 8, 5, 6, 7, 4, 9, 8, 0, 4, 2, 9, 3, 0]
[0, 100, 280, 0, 140, 250, 0, 230, 0, 20, 170, 280, 310, 0, 110, 170, 280, 410, 50, 160, 30, 80, 110, 230, 260, 0, 100, 250, 0, 80, 0]
[80, 160, 450, 80, 200, 370, 230, 400, 20, 170, 280, 310, 460, 80, 170, 280, 410, 470, 140, 340, 50, 110, 230, 240, 370, 100, 250, 260, 30, 200, 40]
Tardiness: 0
Energy Consumption: 860.6294999999956
Number of generations: 108
Calculation time of this iteration (s): 13.242039442062378




ITERATION 8

BEST:
[8, 6, 1, 3, 9, 5, 2, 7, 4, 0, 8, 0, 4, 6, 5, 1, 7, 3, 4, 6, 0, 2, 3, 7, 6, 3, 1, 4, 6, 4, 3]
[9, 9, 5, 1, 5, 1, 0, 9, 8, 8, 6, 3, 7, 1, 3, 9, 7, 6, 8, 4, 8, 6, 0, 3, 0, 2, 7, 4, 9, 3, 0]
[20, 100, 160, 0, 150, 220, 0, 230, 0, 150, 230, 300, 330, 0, 20, 100, 260, 390, 30, 160, 30, 110, 140, 300, 310, 50, 70, 340, 0, 30, 150]
[100, 160, 330, 150, 210, 340, 230, 400, 30, 210, 300, 330, 480, 20, 70, 110, 390, 450, 110, 340, 50, 140, 260, 310, 420, 60, 220, 390, 30, 150, 190]
Tardiness: 12
Energy Consumption: 700.2768333333398
Number of generations: 107
Calculation time of this iteration (s): 12.089930772781372




ITERATION 9

BEST:
[6, 7, 3, 1, 0, 9, 8, 2, 4, 8, 5, 6, 7, 0, 1, 7, 4, 3, 5, 3, 2, 1, 6, 4, 3, 0, 4, 6, 3, 4, 6]
[4, 9, 1, 1, 8, 5, 9, 0, 8, 7, 9, 1, 5, 3, 9, 0, 4, 6, 3, 8, 6, 7, 4, 8, 9, 8, 4, 0, 0, 3, 9]
[0, 80, 220, 30, 130, 190, 0, 230, 0, 30, 100, 210, 300, 80, 110, 210, 260, 390, 40, 140, 0, 110, 140, 280, 300, 0, 40, 230, 10, 40, 0]
[80, 140, 390, 110, 190, 310, 230, 400, 30, 90, 210, 300, 450, 100, 120, 220, 390, 450, 130, 320, 110, 140, 260, 290, 410, 10, 130, 280, 40, 190, 40]
Tardiness: 0
Energy Consumption: 762.2651666666786
Number of generations: 107
Calculation time of this iteration (s): 12.238052129745483




ITERATION 10

BEST:
[4, 0, 5, 6, 3, 8, 2, 7, 1, 9, 4, 6, 8, 1, 7, 5, 6, 0, 3, 2, 7, 3, 4, 3, 1, 0, 4, 6, 3, 4, 6]
[8, 8, 1, 9, 7, 9, 0, 9, 1, 5, 1, 7, 6, 9, 5, 8, 4, 3, 6, 6, 3, 0, 8, 2, 7, 8, 4, 0, 0, 3, 9]
[20, 100, 280, 80, 160, 220, 0, 230, 0, 170, 230, 300, 330, 0, 160, 270, 280, 410, 0, 100, 0, 20, 100, 300, 310, 50, 60, 160, 20, 50, 0]
[100, 160, 450, 160, 220, 340, 230, 400, 20, 230, 300, 330, 480, 20, 220, 280, 410, 470, 80, 270, 20, 100, 220, 310, 420, 60, 150, 210, 50, 170, 40]
Tardiness: 12
Energy Consumption: 800.2305
Number of generations: 152
Calculation time of this iteration (s): 16.83723497390747




SUMMARY


GLOBAL BEST:
[1, 6, 2, 3, 7, 8, 4, 5, 9, 3, 0, 8, 7, 0, 6, 1, 3, 5, 4, 2, 3, 4, 6, 7, 1, 0, 4, 6, 3, 4, 6]
[5, 9, 0, 1, 9, 9, 9, 1, 5, 6, 2, 6, 7, 3, 1, 9, 8, 3, 7, 6, 9, 8, 4, 3, 7, 8, 4, 0, 0, 3, 9]
[0, 130, 240, 0, 150, 230, 0, 230, 0, 30, 90, 210, 300, 60, 180, 230, 260, 420, 30, 190, 0, 110, 140, 260, 300, 20, 30, 370, 30, 90, 150]
[130, 190, 410, 150, 210, 350, 230, 400, 30, 90, 200, 300, 450, 140, 230, 240, 390, 480, 110, 370, 20, 140, 260, 270, 410, 30, 180, 420, 60, 210, 190]
Tardiness: 0
Energy Consumption: 677.2691666666711


Total execution time (s)
124.05154967308044
