10 9
1 4 9 210 2 170 3 140 7 20
4 2 4 160 9 190 2 1 210 7 80 3 5 70 6 150 9 220 4 1 220 4 130 8 180 7 240
3 2 9 220 1 210 4 3 200 2 200 5 200 6 50 4 8 70 4 120 9 70 7 170
5 2 4 50 2 130 2 1 210 3 170 4 2 80 9 110 4 130 8 210 1 7 80 2 8 150 9 180
5 4 1 120 2 190 3 240 5 40 3 8 150 6 100 4 10 2 9 190 1 230 4 3 80 8 50 2 130 7 170 3 9 60 1 120 6 180
4 3 7 150 3 190 1 30 4 4 90 5 110 2 240 9 180 3 6 180 7 40 3 220 2 1 220 2 10
3 2 5 70 3 110 4 6 160 4 40 7 170 1 140 4 5 240 3 230 9 220 8 180
5 1 2 130 3 6 60 8 100 3 50 2 7 150 5 70 4 8 30 6 80 3 100 1 20 4 9 110 2 130 7 130 4 180
5 4 3 190 9 230 5 50 2 170 4 1 190 7 50 4 150 8 20 1 3 30 3 8 110 2 80 5 130 2 9 110 1 190
3 4 5 220 9 180 7 10 3 130 1 8 210 1 6 120
