10 10
3 3 3 130 9 80 2 150 3 1 220 4 60 6 130 1 9 170
3 2 2 80 6 150 2 4 150 10 60 2 8 120 5 200
2 1 1 230 1 7 170
5 4 2 30 8 20 9 150 10 130 2 3 150 7 60 3 9 110 4 200 1 70 3 5 220 10 90 3 30 2 1 150 6 240
5 3 9 20 10 80 7 80 3 5 10 2 60 8 50 3 9 10 6 110 7 200 3 1 100 5 130 3 230 3 4 60 7 210 8 80
2 4 3 240 1 120 2 80 10 90 2 4 180 9 170
5 2 5 110 10 20 4 2 30 1 120 7 70 8 80 1 5 120 4 2 220 1 10 8 150 4 90 1 10 110
3 3 9 170 10 10 4 100 4 5 140 8 150 2 220 6 90 4 4 50 1 50 10 10 7 40
2 1 10 30 2 8 150 7 120
1 2 3 240 6 40
