9 8
2 3 7 90 6 70 4 150 3 1 20 2 200 8 230
4 2 6 230 5 100 4 4 110 8 160 7 40 2 80 1 3 190 2 5 200 4 170
4 2 7 100 5 200 2 2 100 1 140 1 5 180 1 8 170
1 3 4 110 1 150 7 30
4 3 8 230 6 210 5 70 4 2 110 4 80 7 20 3 210 3 5 10 1 100 6 100 2 4 170 2 170
3 4 2 50 3 170 6 70 7 80 3 1 60 8 20 5 70 3 6 180 7 180 3 200
4 3 3 190 2 60 5 10 4 8 100 7 110 6 130 1 30 4 2 100 3 70 4 90 5 30 3 7 220 8 50 1 90
2 2 5 240 3 110 4 2 240 4 190 1 240 7 60
4 4 2 20 5 10 8 140 3 20 2 1 100 6 60 2 2 200 4 130 2 3 10 6 190
