Number of Jobs:
10
Number of Machines:
10
Number of Tasks:
31
Number of Individuals:
100
Number of Iterations:
10
Mutation Probability:
100
Threshold Generations:
15
CrossOver Type:
0
Mode:
0
Factor:
0

ITERATION 1

BEST:
[3, 6, 4, 7, 9, 6, 2, 4, 0, 8, 8, 3, 0, 5, 1, 1, 6, 5, 4, 3, 3, 6, 7, 6, 4, 1, 0, 7, 3, 2, 4]
[7, 9, 6, 9, 5, 1, 0, 4, 8, 9, 7, 6, 3, 1, 1, 9, 4, 3, 8, 8, 2, 0, 5, 9, 4, 7, 8, 9, 0, 6, 7]
[0, 80, 250, 130, 210, 270, 0, 230, 0, 80, 140, 250, 280, 0, 80, 90, 210, 390, 50, 140, 0, 20, 90, 230, 270, 20, 40, 380, 30, 60, 0]
[80, 140, 420, 210, 270, 390, 230, 400, 20, 140, 250, 280, 430, 80, 90, 100, 340, 470, 130, 320, 20, 50, 210, 240, 380, 30, 130, 390, 60, 210, 40]
Tardiness: 0
Energy Consumption: 742.3286666666718
Number of generations: 126
Calculation time of this iteration (s): 15.7504563331604




ITERATION 2

BEST:
[7, 6, 8, 3, 9, 1, 4, 7, 0, 3, 4, 5, 8, 2, 7, 0, 3, 6, 4, 6, 6, 1, 0, 5, 4, 6, 2, 1, 3, 4, 3]
[9, 9, 9, 1, 5, 5, 9, 4, 8, 6, 4, 1, 6, 0, 0, 3, 8, 1, 8, 4, 0, 9, 8, 3, 4, 9, 6, 7, 2, 3, 0]
[0, 80, 210, 40, 190, 250, 0, 230, 0, 30, 90, 200, 290, 60, 150, 200, 280, 410, 30, 140, 10, 110, 160, 280, 290, 0, 10, 230, 30, 90, 0]
[80, 140, 380, 190, 250, 370, 230, 400, 30, 90, 200, 230, 440, 140, 160, 210, 410, 470, 110, 320, 30, 140, 280, 290, 400, 10, 150, 280, 60, 210, 40]
Tardiness: 0
Energy Consumption: 630.9465000000037
Number of generations: 102
Calculation time of this iteration (s): 13.248810052871704




ITERATION 3

BEST:
[6, 0, 3, 3, 6, 6, 4, 2, 8, 8, 3, 0, 5, 9, 1, 1, 7, 1, 7, 4, 6, 5, 4, 4, 3, 6, 4, 7, 0, 2, 3]
[9, 8, 1, 6, 1, 4, 6, 0, 9, 7, 8, 3, 9, 5, 1, 9, 9, 7, 5, 4, 0, 3, 8, 4, 2, 9, 3, 9, 8, 6, 0]
[0, 80, 210, 60, 140, 200, 0, 230, 0, 30, 90, 200, 240, 90, 180, 200, 210, 340, 50, 140, 0, 30, 60, 230, 240, 200, 210, 350, 20, 50, 0]
[80, 140, 380, 140, 200, 320, 230, 400, 30, 90, 200, 230, 390, 170, 190, 210, 340, 400, 140, 320, 20, 60, 180, 240, 350, 210, 300, 360, 50, 200, 40]
Tardiness: 0
Energy Consumption: 680.2425
Number of generations: 89
Calculation time of this iteration (s): 10.550363302230835




ITERATION 4

BEST:
[6, 4, 3, 8, 0, 1, 2, 3, 8, 9, 2, 3, 4, 7, 6, 7, 0, 1, 4, 6, 1, 3, 5, 6, 0, 7, 6, 4, 5, 4, 3]
[4, 8, 1, 9, 8, 5, 0, 6, 6, 5, 6, 8, 1, 9, 1, 5, 3, 9, 8, 4, 7, 9, 1, 0, 8, 9, 9, 4, 3, 3, 0]
[20, 100, 220, 0, 150, 210, 0, 230, 0, 30, 100, 210, 300, 0, 30, 210, 260, 400, 140, 220, 0, 110, 140, 260, 310, 30, 190, 300, 0, 90, 150]
[100, 160, 390, 150, 210, 330, 230, 400, 30, 90, 210, 300, 450, 20, 90, 220, 390, 460, 220, 400, 110, 140, 260, 270, 420, 40, 280, 310, 30, 210, 190]
Tardiness: 0
Energy Consumption: 784.8401666666741
Number of generations: 101
Calculation time of this iteration (s): 12.598044395446777




ITERATION 5

BEST:
[6, 4, 8, 7, 3, 2, 4, 5, 0, 6, 6, 3, 3, 1, 0, 9, 7, 6, 8, 4, 1, 3, 2, 1, 7, 0, 4, 5, 6, 4, 3]
[9, 8, 9, 9, 7, 0, 7, 9, 8, 1, 4, 6, 8, 1, 3, 5, 5, 0, 6, 8, 9, 2, 6, 7, 3, 8, 4, 3, 9, 3, 0]
[20, 100, 220, 50, 150, 210, 0, 230, 0, 20, 100, 210, 240, 0, 20, 210, 220, 390, 60, 210, 0, 20, 50, 230, 240, 50, 60, 160, 20, 80, 0]
[100, 160, 390, 130, 210, 330, 230, 400, 20, 80, 210, 240, 390, 20, 70, 220, 350, 450, 150, 390, 20, 50, 170, 240, 350, 60, 150, 210, 50, 200, 40]
Tardiness: 0
Energy Consumption: 700.7099999999979
Number of generations: 166
Calculation time of this iteration (s): 19.04469132423401




ITERATION 6

BEST:
[6, 6, 2, 6, 8, 7, 3, 8, 4, 5, 9, 0, 1, 1, 0, 3, 7, 5, 4, 4, 0, 1, 3, 7, 2, 3, 4, 6, 6, 4, 3]
[9, 1, 0, 4, 9, 9, 1, 6, 8, 9, 5, 8, 5, 9, 3, 2, 5, 3, 1, 8, 8, 7, 0, 9, 6, 2, 4, 0, 9, 3, 0]
[20, 100, 160, 40, 190, 250, 0, 230, 50, 80, 230, 300, 330, 0, 80, 140, 170, 340, 60, 160, 0, 20, 50, 300, 310, 50, 190, 280, 20, 50, 0]
[100, 160, 330, 190, 250, 370, 230, 400, 80, 230, 300, 330, 480, 20, 140, 150, 300, 400, 150, 340, 20, 50, 170, 310, 420, 60, 280, 290, 50, 170, 40]
Tardiness: 12
Energy Consumption: 685.6295000000025
Number of generations: 212
Calculation time of this iteration (s): 25.999157190322876




ITERATION 7

BEST:
[6, 9, 8, 1, 5, 7, 3, 8, 6, 2, 0, 4, 4, 3, 0, 1, 6, 7, 3, 4, 1, 5, 2, 6, 0, 4, 7, 6, 3, 4, 3]
[9, 5, 9, 5, 9, 3, 1, 6, 1, 0, 8, 8, 4, 2, 3, 9, 4, 5, 0, 8, 7, 3, 6, 0, 8, 4, 9, 9, 2, 3, 0]
[0, 100, 160, 40, 190, 250, 0, 230, 0, 30, 230, 300, 330, 80, 100, 110, 230, 360, 50, 160, 0, 30, 110, 300, 310, 0, 190, 280, 20, 50, 0]
[80, 160, 330, 190, 250, 370, 230, 400, 30, 180, 300, 330, 480, 100, 110, 120, 360, 420, 140, 340, 20, 60, 230, 310, 420, 100, 280, 290, 50, 170, 40]
Tardiness: 12
Energy Consumption: 718.4880000000077
Number of generations: 72
Calculation time of this iteration (s): 10.431766033172607




ITERATION 8

BEST:
[3, 6, 8, 6, 3, 7, 4, 6, 0, 9, 3, 1, 4, 7, 5, 1, 4, 0, 8, 2, 5, 1, 4, 6, 7, 3, 3, 0, 4, 2, 6]
[7, 9, 9, 7, 6, 9, 9, 4, 8, 5, 8, 1, 7, 5, 1, 9, 8, 3, 6, 0, 3, 7, 4, 0, 3, 2, 5, 8, 7, 6, 9]
[0, 80, 200, 0, 140, 200, 0, 230, 0, 20, 80, 190, 220, 60, 140, 190, 220, 350, 80, 160, 0, 20, 100, 230, 240, 50, 60, 340, 20, 80, 0]
[80, 140, 370, 80, 200, 320, 230, 400, 20, 80, 190, 220, 460, 140, 190, 200, 350, 430, 160, 340, 20, 100, 220, 240, 350, 60, 150, 390, 50, 200, 40]
Tardiness: 0
Energy Consumption: 715.9149999999975
Number of generations: 197
Calculation time of this iteration (s): 24.03589105606079




ITERATION 9

BEST:
[7, 3, 8, 4, 3, 0, 4, 3, 9, 7, 5, 1, 8, 1, 6, 7, 2, 6, 0, 4, 6, 1, 4, 3, 0, 6, 5, 3, 4, 2, 6]
[9, 7, 9, 8, 6, 2, 7, 8, 5, 5, 9, 1, 6, 9, 4, 9, 0, 1, 3, 8, 4, 7, 4, 2, 8, 0, 3, 0, 7, 6, 9]
[0, 130, 200, 0, 130, 190, 0, 230, 0, 20, 80, 190, 270, 0, 20, 190, 260, 390, 40, 190, 0, 110, 140, 260, 270, 0, 40, 190, 10, 80, 0]
[130, 190, 370, 80, 190, 310, 230, 400, 20, 80, 190, 220, 420, 20, 70, 200, 390, 470, 130, 370, 110, 140, 260, 270, 380, 10, 130, 200, 40, 200, 40]
Tardiness: 0
Energy Consumption: 755.6374999999935
Number of generations: 182
Calculation time of this iteration (s): 22.40775203704834




ITERATION 10

BEST:
[7, 6, 2, 6, 9, 8, 3, 7, 4, 0, 0, 1, 5, 7, 3, 8, 6, 5, 4, 3, 1, 0, 2, 6, 1, 3, 4, 6, 4, 4, 3]
[9, 9, 0, 6, 5, 9, 1, 4, 8, 8, 3, 1, 9, 9, 6, 7, 4, 3, 1, 8, 9, 8, 6, 0, 7, 2, 5, 9, 4, 3, 0]
[20, 100, 270, 30, 160, 220, 0, 230, 0, 100, 160, 270, 300, 0, 110, 170, 280, 410, 60, 160, 10, 30, 150, 270, 280, 0, 10, 150, 30, 60, 0]
[100, 160, 440, 110, 220, 340, 230, 400, 30, 160, 270, 300, 450, 20, 170, 280, 410, 470, 150, 340, 30, 100, 270, 280, 390, 10, 150, 160, 60, 210, 40]
Tardiness: 0
Energy Consumption: 712.3749999999981
Number of generations: 260
Calculation time of this iteration (s): 29.10637903213501




SUMMARY


GLOBAL BEST:
[7, 6, 8, 3, 9, 1, 4, 7, 0, 3, 4, 5, 8, 2, 7, 0, 3, 6, 4, 6, 6, 1, 0, 5, 4, 6, 2, 1, 3, 4, 3]
[9, 9, 9, 1, 5, 5, 9, 4, 8, 6, 4, 1, 6, 0, 0, 3, 8, 1, 8, 4, 0, 9, 8, 3, 4, 9, 6, 7, 2, 3, 0]
[0, 80, 210, 40, 190, 250, 0, 230, 0, 30, 90, 200, 290, 60, 150, 200, 280, 410, 30, 140, 10, 110, 160, 280, 290, 0, 10, 230, 30, 90, 0]
[80, 140, 380, 190, 250, 370, 230, 400, 30, 90, 200, 230, 440, 140, 160, 210, 410, 470, 110, 320, 30, 140, 280, 290, 400, 10, 150, 280, 60, 210, 40]
Tardiness: 0
Energy Consumption: 630.9465000000037


Total execution time (s)
183.17331075668335
