Number of Jobs:
10
Number of Machines:
10
Number of Tasks:
31
Number of Individuals:
100
Number of Iterations:
10
Mutation Probability:
100
Threshold Generations:
15
CrossOver Type:
3
Mode:
0
Factor:
0

ITERATION 1

BEST:
[3, 8, 2, 4, 6, 5, 6, 4, 7, 5, 0, 1, 1, 3, 0, 3, 7, 9, 2, 3, 8, 4, 4, 6, 1, 6, 0, 6, 3, 4, 7]
[1, 7, 0, 8, 1, 9, 4, 1, 9, 8, 2, 9, 1, 2, 3, 6, 4, 5, 6, 0, 9, 7, 8, 9, 7, 0, 8, 9, 0, 4, 9]
[0, 130, 270, 160, 100, 240, 0, 230, 0, 160, 230, 130, 310, 0, 60, 260, 320, 150, 0, 90, 190, 30, 60, 300, 310, 420, 180, 90, 160, 0, 0]
[130, 190, 440, 240, 160, 360, 230, 400, 30, 220, 300, 160, 460, 20, 120, 270, 450, 230, 90, 260, 210, 60, 180, 310, 420, 430, 320, 100, 190, 150, 40]
Tardiness: 0
Energy Consumption: 749.7958333333385
Number of generations: 92
Calculation time of this iteration (s): 10.35342526435852




ITERATION 2

BEST:
[8, 1, 2, 3, 0, 6, 3, 5, 6, 9, 4, 4, 6, 7, 3, 1, 8, 6, 2, 7, 0, 5, 4, 6, 4, 1, 3, 0, 3, 4, 7]
[9, 9, 0, 6, 8, 4, 1, 9, 9, 5, 8, 8, 0, 3, 2, 1, 6, 1, 6, 5, 8, 3, 4, 9, 4, 7, 0, 3, 0, 3, 9]
[200, 360, 0, 90, 30, 170, 0, 230, 60, 0, 240, 90, 310, 180, 200, 170, 210, 420, 90, 180, 180, 240, 0, 230, 270, 380, 50, 0, 0, 60, 0]
[280, 420, 170, 170, 90, 290, 230, 400, 90, 60, 310, 120, 460, 200, 210, 180, 340, 480, 180, 360, 200, 270, 120, 240, 380, 390, 140, 50, 30, 180, 40]
Tardiness: 0
Energy Consumption: 669.7164999999954
Number of generations: 121
Calculation time of this iteration (s): 12.590798139572144




ITERATION 3

BEST:
[6, 2, 8, 1, 5, 3, 4, 4, 1, 5, 7, 6, 3, 4, 0, 3, 8, 9, 1, 2, 0, 0, 6, 3, 4, 6, 7, 7, 4, 6, 3]
[0, 0, 6, 1, 1, 7, 9, 7, 9, 3, 5, 9, 8, 8, 2, 6, 9, 5, 7, 6, 5, 8, 1, 0, 2, 9, 9, 3, 3, 4, 2]
[0, 130, 260, 0, 80, 140, 10, 240, 0, 130, 20, 390, 240, 0, 80, 130, 140, 390, 80, 160, 140, 160, 300, 0, 190, 300, 0, 340, 160, 0, 90]
[130, 260, 430, 80, 140, 260, 240, 410, 20, 190, 130, 420, 390, 80, 130, 140, 370, 450, 160, 340, 160, 190, 420, 10, 300, 310, 90, 390, 190, 120, 130]
Tardiness: 0
Energy Consumption: 764.611166666676
Number of generations: 91
Calculation time of this iteration (s): 10.16962742805481




ITERATION 4

BEST:
[7, 7, 6, 4, 3, 3, 2, 3, 8, 5, 0, 1, 4, 8, 1, 7, 4, 9, 6, 0, 6, 4, 1, 0, 2, 3, 5, 4, 3, 6, 6]
[9, 5, 1, 8, 6, 1, 0, 8, 9, 3, 2, 9, 6, 7, 1, 9, 4, 5, 9, 3, 9, 4, 7, 8, 6, 2, 1, 7, 0, 4, 0]
[0, 180, 240, 100, 40, 190, 0, 230, 60, 0, 90, 200, 230, 60, 140, 0, 150, 310, 180, 0, 110, 0, 280, 400, 130, 0, 10, 100, 10, 40, 100]
[130, 240, 410, 180, 100, 310, 230, 400, 90, 60, 200, 230, 380, 140, 150, 10, 280, 390, 260, 180, 130, 30, 400, 410, 240, 10, 100, 110, 40, 190, 140]
Tardiness: 0
Energy Consumption: 740.1916666666751
Number of generations: 109
Calculation time of this iteration (s): 11.481263160705566




ITERATION 5

BEST:
[9, 6, 4, 3, 4, 2, 3, 8, 1, 5, 4, 0, 1, 0, 3, 0, 4, 7, 5, 2, 6, 6, 4, 3, 3, 6, 7, 8, 1, 6, 7]
[5, 9, 4, 6, 8, 0, 1, 9, 9, 3, 8, 8, 1, 8, 2, 3, 2, 9, 1, 6, 9, 0, 3, 0, 0, 1, 5, 7, 7, 4, 9]
[40, 290, 120, 110, 50, 200, 0, 230, 60, 0, 390, 90, 240, 10, 0, 30, 120, 350, 190, 0, 0, 270, 300, 230, 120, 230, 120, 110, 20, 50, 0]
[120, 350, 290, 190, 110, 320, 230, 400, 90, 60, 460, 120, 390, 30, 10, 40, 350, 410, 270, 180, 20, 300, 420, 240, 230, 240, 210, 120, 50, 200, 40]
Tardiness: 0
Energy Consumption: 707.2098333333358
Number of generations: 88
Calculation time of this iteration (s): 9.371666669845581




ITERATION 6

BEST:
[4, 3, 4, 3, 9, 5, 6, 8, 6, 6, 8, 7, 1, 1, 0, 3, 1, 7, 7, 2, 0, 5, 4, 3, 0, 6, 4, 6, 4, 2, 3]
[8, 7, 7, 6, 5, 9, 4, 9, 9, 1, 6, 9, 7, 9, 8, 2, 1, 9, 5, 0, 2, 3, 8, 0, 3, 0, 4, 9, 7, 6, 0]
[190, 320, 20, 250, 190, 70, 0, 240, 0, 20, 230, 80, 310, 0, 20, 190, 200, 330, 0, 90, 120, 140, 0, 300, 310, 250, 260, 140, 90, 120, 0]
[320, 380, 190, 330, 250, 190, 230, 410, 20, 80, 300, 110, 460, 20, 70, 200, 330, 410, 90, 270, 140, 170, 120, 310, 420, 260, 350, 150, 120, 240, 40]
Tardiness: 0
Energy Consumption: 780.3703333333317
Number of generations: 97
Calculation time of this iteration (s): 10.66088056564331




ITERATION 7

BEST:
[3, 0, 4, 6, 1, 5, 6, 9, 7, 3, 0, 6, 2, 3, 0, 4, 8, 7, 1, 7, 8, 3, 2, 5, 4, 1, 4, 4, 6, 3, 6]
[6, 8, 3, 1, 1, 9, 4, 5, 9, 5, 3, 4, 0, 2, 8, 8, 6, 9, 7, 5, 9, 7, 6, 3, 4, 9, 8, 4, 0, 8, 9]
[0, 80, 140, 30, 230, 110, 0, 230, 330, 0, 350, 300, 60, 310, 330, 340, 350, 0, 0, 140, 150, 0, 30, 260, 290, 100, 300, 90, 180, 60, 0]
[80, 140, 310, 110, 290, 230, 230, 400, 350, 60, 460, 330, 300, 330, 340, 350, 480, 60, 90, 320, 260, 30, 150, 270, 400, 110, 390, 100, 210, 180, 40]
Tardiness: 0
Energy Consumption: 706.0838333333331
Number of generations: 118
Calculation time of this iteration (s): 12.415013790130615




ITERATION 8

BEST:
[5, 7, 6, 8, 1, 2, 3, 9, 4, 4, 3, 6, 0, 3, 1, 5, 8, 0, 4, 7, 7, 6, 3, 6, 4, 6, 3, 2, 0, 4, 1]
[1, 9, 9, 9, 9, 0, 6, 5, 8, 7, 8, 1, 5, 2, 1, 3, 6, 8, 0, 4, 3, 4, 1, 9, 3, 0, 5, 6, 8, 8, 7]
[340, 40, 170, 120, 60, 200, 0, 230, 200, 0, 60, 170, 230, 0, 20, 420, 230, 330, 0, 80, 10, 80, 150, 380, 270, 0, 10, 260, 30, 60, 0]
[420, 170, 340, 200, 120, 320, 230, 400, 230, 60, 170, 200, 470, 20, 70, 430, 330, 390, 80, 260, 30, 110, 270, 390, 380, 10, 150, 310, 60, 180, 40]
Tardiness: 2
Energy Consumption: 826.1938333333388
Number of generations: 68
Calculation time of this iteration (s): 7.814135551452637




ITERATION 9

BEST:
[4, 5, 2, 3, 3, 1, 4, 8, 6, 6, 1, 8, 7, 3, 6, 6, 7, 1, 0, 2, 3, 6, 5, 0, 4, 9, 4, 3, 7, 0, 4]
[8, 3, 0, 6, 7, 1, 4, 9, 9, 1, 9, 7, 4, 2, 9, 4, 9, 7, 8, 6, 0, 0, 1, 8, 5, 5, 3, 0, 9, 3, 4]
[190, 270, 20, 0, 140, 230, 0, 230, 60, 0, 390, 80, 230, 0, 20, 30, 340, 180, 180, 0, 200, 140, 220, 380, 30, 220, 30, 230, 0, 80, 140]
[270, 330, 190, 80, 200, 350, 230, 400, 80, 60, 460, 110, 380, 20, 30, 140, 470, 240, 260, 180, 220, 170, 340, 390, 140, 230, 170, 240, 30, 230, 180]
Tardiness: 0
Energy Consumption: 760.2698333333326
Number of generations: 102
Calculation time of this iteration (s): 10.953490257263184




ITERATION 10

BEST:
[4, 8, 3, 9, 8, 6, 2, 2, 6, 7, 5, 1, 4, 0, 1, 0, 6, 1, 3, 4, 7, 5, 3, 3, 3, 6, 7, 4, 0, 4, 6]
[8, 9, 1, 5, 6, 1, 0, 6, 9, 9, 9, 1, 4, 3, 9, 8, 4, 7, 5, 3, 9, 3, 0, 2, 6, 9, 5, 4, 8, 8, 0]
[230, 0, 60, 60, 180, 240, 0, 230, 0, 400, 280, 350, 40, 0, 20, 330, 200, 60, 90, 180, 60, 30, 80, 360, 250, 80, 280, 240, 0, 30, 0]
[310, 60, 230, 140, 240, 360, 230, 400, 30, 460, 350, 380, 280, 20, 30, 340, 330, 120, 180, 360, 80, 60, 200, 370, 360, 90, 370, 250, 30, 150, 40]
Tardiness: 0
Energy Consumption: 624.3363333333275
Number of generations: 109
Calculation time of this iteration (s): 11.709850549697876




SUMMARY


GLOBAL BEST:
[4, 8, 3, 9, 8, 6, 2, 2, 6, 7, 5, 1, 4, 0, 1, 0, 6, 1, 3, 4, 7, 5, 3, 3, 3, 6, 7, 4, 0, 4, 6]
[8, 9, 1, 5, 6, 1, 0, 6, 9, 9, 9, 1, 4, 3, 9, 8, 4, 7, 5, 3, 9, 3, 0, 2, 6, 9, 5, 4, 8, 8, 0]
[230, 0, 60, 60, 180, 240, 0, 230, 0, 400, 280, 350, 40, 0, 20, 330, 200, 60, 90, 180, 60, 30, 80, 360, 250, 80, 280, 240, 0, 30, 0]
[310, 60, 230, 140, 240, 360, 230, 400, 30, 460, 350, 380, 280, 20, 30, 340, 330, 120, 180, 360, 80, 60, 200, 370, 360, 90, 370, 250, 30, 150, 40]
Tardiness: 0
Energy Consumption: 624.3363333333275


Total execution time (s)
107.52015137672424
