
ITERATION 9


BEST:
[8, 9, 5, 2, 6, 8, 3, 1, 3, 3, 6, 4, 6, 0, 0, 1, 4, 5, 7, 4, 2, 6, 7, 0, 4, 6, 1, 3, 3, 4, 7]
[9, 5, 9, 0, 4, 6, 1, 5, 2, 0, 1, 8, 4, 8, 3, 9, 1, 3, 9, 8, 6, 0, 5, 8, 4, 9, 7, 2, 0, 3, 9]
[20, 100, 210, 40, 190, 250, 0, 230, 0, 30, 230, 300, 330, 0, 140, 200, 260, 390, 30, 160, 0, 110, 140, 300, 310, 250, 260, 420, 0, 30, 0]
[100, 160, 380, 190, 250, 370, 230, 400, 30, 180, 300, 330, 480, 20, 200, 210, 390, 450, 120, 340, 110, 140, 260, 310, 420, 260, 350, 430, 30, 150, 40]
Tardiness: 12
Energy Consumption: 520.5963333333326
Number of generations: 165
Calculation time of this iteration (s): 17.562620639801025
