
ITERATION 1

BEST:
[9, 8, 4, 1, 2, 7, 0, 3, 6, 8, 6, 4, 4, 5, 6, 8, 1, 8, 8, 6, 2, 2, 4, 4, 2, 2]
[6, 0, 7, 5, 3, 1, 2, 1, 2, 1, 5, 6, 1, 4, 1, 7, 3, 4, 2, 5, 1, 6, 5, 3, 7, 2]
[0, 0, 130, 0, 330, 520, 550, 570, 70, 0, 100, 270, 490, 550, 0, 80, 190, 320, 330, 0, 0, 210, 220, 250, 400, 0]
[80, 100, 280, 130, 520, 550, 560, 640, 180, 100, 270, 320, 550, 570, 170, 190, 320, 330, 490, 70, 210, 220, 250, 400, 570, 70]
Tardiness: 26
Energy Consumption: 614.0528333333197
Number of generations: 155
Calculation time of this iteration (s): 18.556825399398804




ITERATION 2

BEST:
[7, 9, 4, 1, 2, 0, 6, 8, 3, 8, 8, 5, 6, 6, 2, 1, 2, 8, 6, 8, 2, 4, 4, 2, 4, 4]
[1, 6, 7, 5, 3, 2, 4, 0, 1, 1, 7, 4, 5, 2, 1, 3, 2, 5, 4, 3, 7, 6, 1, 5, 5, 3]
[0, 0, 130, 0, 220, 410, 440, 450, 70, 0, 100, 410, 560, 620, 80, 0, 100, 230, 250, 0, 0, 210, 220, 250, 410, 0]
[80, 100, 280, 130, 410, 440, 450, 560, 180, 100, 270, 460, 620, 640, 250, 80, 230, 240, 370, 70, 210, 220, 250, 410, 510, 70]
Tardiness: 0
Energy Consumption: 602.2421666666614
Number of generations: 133
Calculation time of this iteration (s): 14.916193723678589




ITERATION 3

BEST:
[9, 0, 4, 7, 2, 3, 8, 6, 1, 1, 6, 5, 8, 6, 2, 4, 2, 8, 6, 4, 8, 2, 8, 4, 2, 4]
[6, 2, 7, 1, 3, 1, 0, 4, 5, 3, 5, 4, 1, 2, 1, 6, 2, 7, 3, 1, 4, 7, 3, 5, 3, 3]
[0, 0, 130, 0, 220, 410, 440, 570, 70, 0, 100, 410, 460, 590, 80, 0, 100, 230, 280, 0, 0, 210, 220, 250, 470, 0]
[80, 100, 280, 130, 410, 440, 450, 590, 180, 100, 270, 460, 520, 610, 250, 80, 230, 240, 470, 70, 210, 220, 250, 400, 570, 70]
Tardiness: 0
Energy Consumption: 696.915666666665
Number of generations: 40
Calculation time of this iteration (s): 4.826253175735474




ITERATION 4

BEST:
[7, 3, 4, 1, 2, 8, 6, 0, 8, 6, 6, 9, 6, 5, 2, 1, 8, 4, 8, 4, 2, 8, 4, 2, 2, 4]
[1, 1, 7, 5, 3, 0, 4, 2, 1, 5, 1, 6, 5, 4, 1, 3, 7, 6, 4, 1, 2, 3, 5, 7, 3, 3]
[0, 0, 130, 0, 240, 430, 460, 500, 70, 0, 100, 430, 480, 540, 80, 0, 100, 230, 240, 0, 0, 210, 220, 250, 400, 0]
[80, 100, 280, 130, 430, 460, 470, 520, 180, 100, 270, 480, 540, 560, 250, 80, 230, 240, 400, 70, 210, 220, 250, 400, 500, 70]
Tardiness: 0
Energy Consumption: 566.547333333327
Number of generations: 136
Calculation time of this iteration (s): 14.46271800994873




ITERATION 5

BEST:
[7, 8, 3, 1, 4, 0, 6, 9, 8, 6, 8, 5, 6, 8, 2, 1, 2, 4, 6, 4, 2, 8, 4, 2, 2, 4]
[1, 0, 1, 5, 7, 2, 3, 6, 1, 5, 7, 4, 1, 5, 3, 4, 1, 6, 3, 1, 2, 3, 5, 7, 2, 3]
[0, 0, 170, 100, 240, 430, 460, 470, 70, 0, 100, 430, 480, 540, 0, 0, 100, 230, 240, 0, 0, 210, 220, 250, 430, 0]
[80, 100, 280, 230, 430, 460, 470, 540, 180, 100, 270, 480, 540, 560, 170, 100, 230, 240, 430, 70, 210, 220, 250, 410, 530, 70]
Tardiness: 0
Energy Consumption: 561.1343333333319
Number of generations: 102
Calculation time of this iteration (s): 11.431787490844727




ITERATION 6

BEST:
[5, 8, 3, 1, 4, 9, 6, 0, 7, 8, 2, 6, 8, 6, 2, 6, 1, 8, 8, 2, 2, 4, 2, 4, 4, 4]
[4, 0, 3, 5, 7, 6, 3, 2, 1, 1, 3, 5, 7, 2, 1, 5, 4, 4, 2, 3, 7, 6, 3, 1, 5, 3]
[0, 0, 170, 160, 290, 480, 570, 580, 0, 0, 100, 480, 530, 600, 0, 60, 160, 290, 300, 0, 0, 210, 220, 280, 430, 0]
[80, 100, 280, 290, 480, 570, 580, 600, 60, 100, 270, 530, 590, 620, 170, 160, 290, 300, 460, 70, 210, 220, 250, 430, 600, 70]
Tardiness: 0
Energy Consumption: 663.1778333333219
Number of generations: 110
Calculation time of this iteration (s): 12.417493343353271




ITERATION 7

BEST:
[5, 8, 1, 1, 2, 7, 0, 4, 9, 3, 6, 4, 6, 2, 8, 4, 8, 6, 4, 2, 2, 8, 8, 6, 2, 4]
[4, 0, 5, 4, 3, 1, 2, 7, 6, 3, 2, 6, 5, 1, 1, 1, 7, 2, 5, 6, 7, 1, 3, 4, 5, 2]
[0, 0, 170, 0, 130, 320, 360, 440, 130, 0, 100, 330, 380, 440, 0, 80, 190, 320, 330, 0, 0, 320, 330, 380, 570, 0]
[80, 100, 280, 130, 320, 350, 370, 550, 190, 100, 270, 380, 440, 600, 170, 190, 320, 330, 450, 70, 210, 330, 360, 570, 670, 70]
Tardiness: 70
Energy Consumption: 616.8158333333296
Number of generations: 108
Calculation time of this iteration (s): 12.01255202293396




ITERATION 8

BEST:
[8, 3, 1, 4, 2, 5, 0, 7, 9, 8, 6, 6, 1, 6, 2, 2, 6, 4, 8, 4, 2, 4, 8, 8, 2, 4]
[0, 3, 5, 7, 3, 4, 2, 1, 6, 1, 2, 5, 4, 2, 1, 2, 4, 6, 7, 1, 7, 4, 5, 3, 3, 3]
[0, 0, 170, 60, 220, 410, 440, 580, 0, 0, 100, 410, 460, 600, 0, 80, 190, 320, 330, 0, 0, 210, 220, 320, 480, 0]
[80, 100, 280, 190, 410, 440, 450, 600, 60, 100, 270, 460, 600, 620, 170, 190, 320, 330, 450, 70, 210, 220, 250, 480, 580, 70]
Tardiness: 0
Energy Consumption: 544.0849999999942
Number of generations: 124
Calculation time of this iteration (s): 13.692250728607178




ITERATION 9

BEST:
[6, 1, 6, 4, 2, 5, 0, 7, 9, 8, 8, 4, 3, 6, 2, 4, 8, 8, 1, 2, 6, 2, 2, 4, 8, 4]
[4, 5, 5, 7, 3, 4, 2, 1, 6, 0, 1, 6, 3, 2, 1, 1, 7, 5, 4, 6, 3, 7, 3, 5, 2, 3]
[0, 0, 250, 0, 220, 410, 440, 450, 130, 0, 100, 410, 460, 520, 80, 0, 100, 230, 240, 0, 0, 210, 220, 250, 410, 0]
[80, 100, 360, 130, 410, 440, 450, 470, 190, 100, 270, 460, 520, 540, 250, 80, 230, 240, 430, 70, 210, 220, 250, 410, 580, 70]
Tardiness: 24
Energy Consumption: 621.4291666666654
Number of generations: 139
Calculation time of this iteration (s): 15.69599199295044




ITERATION 10

BEST:
[8, 9, 4, 1, 2, 0, 7, 6, 6, 3, 8, 4, 5, 6, 2, 4, 6, 4, 8, 8, 1, 2, 8, 4, 2, 2]
[0, 6, 7, 5, 3, 2, 1, 4, 5, 1, 1, 6, 4, 2, 1, 1, 5, 5, 7, 4, 3, 6, 3, 3, 4, 3]
[0, 0, 130, 0, 220, 410, 440, 540, 70, 0, 100, 410, 460, 520, 80, 0, 100, 230, 240, 0, 0, 210, 220, 250, 400, 0]
[80, 100, 280, 130, 410, 440, 500, 560, 180, 100, 270, 460, 520, 540, 250, 80, 230, 240, 400, 70, 210, 220, 250, 400, 500, 70]
Tardiness: 0
Energy Consumption: 656.3414999999964
Number of generations: 166
Calculation time of this iteration (s): 17.03297734260559




SUMMARY


GLOBAL BEST:
[8, 3, 1, 4, 2, 5, 0, 7, 9, 8, 6, 6, 1, 6, 2, 2, 6, 4, 8, 4, 2, 4, 8, 8, 2, 4]
[0, 3, 5, 7, 3, 4, 2, 1, 6, 1, 2, 5, 4, 2, 1, 2, 4, 6, 7, 1, 7, 4, 5, 3, 3, 3]
[0, 0, 170, 60, 220, 410, 440, 580, 0, 0, 100, 410, 460, 600, 0, 80, 190, 320, 330, 0, 0, 210, 220, 320, 480, 0]
[80, 100, 280, 190, 410, 440, 450, 600, 60, 100, 270, 460, 600, 620, 170, 190, 320, 330, 450, 70, 210, 220, 250, 480, 580, 70]
Tardiness: 0
Energy Consumption: 544.0849999999942


Total execution time (s)
135.04504323005676
