
ITERATION 1

BEST:
[6, 8, 4, 6, 0, 4, 2, 3, 9, 8, 5, 7, 7, 1, 1, 5, 6, 0, 3, 3, 0, 2, 1, 6, 3, 7, 4, 4, 3, 4, 6]
[9, 9, 6, 7, 8, 4, 0, 1, 5, 6, 1, 9, 7, 1, 9, 8, 4, 3, 2, 0, 8, 6, 7, 0, 2, 3, 5, 4, 0, 3, 9]
[0, 80, 280, 110, 190, 250, 0, 230, 0, 30, 230, 300, 330, 0, 80, 90, 220, 350, 30, 110, 0, 20, 100, 300, 310, 50, 100, 250, 20, 80, 0]
[80, 140, 450, 190, 250, 370, 230, 400, 30, 180, 300, 330, 480, 80, 90, 200, 350, 410, 110, 280, 20, 100, 220, 310, 420, 60, 250, 300, 50, 200, 40]
Tardiness: 12
Energy Consumption: 763.0773333333408
Number of generations: 83
Calculation time of this iteration (s): 18.690841913223267




ITERATION 2

BEST:
[8, 4, 7, 3, 3, 6, 5, 8, 7, 0, 4, 7, 0, 5, 9, 6, 2, 3, 1, 6, 3, 1, 2, 6, 1, 6, 4, 3, 0, 4, 4]
[9, 8, 9, 7, 6, 9, 9, 6, 7, 8, 1, 6, 3, 3, 5, 1, 0, 8, 1, 4, 2, 9, 6, 0, 7, 9, 5, 0, 8, 4, 3]
[20, 100, 210, 110, 190, 250, 0, 240, 0, 20, 100, 210, 240, 0, 20, 80, 230, 360, 60, 160, 40, 80, 110, 230, 250, 30, 40, 200, 0, 80, 0]
[100, 160, 380, 190, 250, 370, 230, 410, 20, 80, 210, 240, 390, 20, 80, 190, 360, 420, 150, 340, 60, 110, 230, 240, 360, 40, 190, 240, 30, 200, 40]
Tardiness: 0
Energy Consumption: 823.6636666666628
Number of generations: 62
Calculation time of this iteration (s): 14.010648727416992




ITERATION 3

BEST:
[6, 4, 3, 8, 3, 8, 4, 4, 6, 0, 2, 9, 0, 1, 7, 6, 5, 5, 3, 2, 6, 1, 7, 3, 0, 1, 4, 3, 7, 4, 6]
[9, 8, 1, 9, 6, 6, 4, 5, 1, 8, 0, 5, 3, 1, 9, 4, 9, 3, 8, 6, 0, 9, 7, 2, 8, 7, 4, 0, 9, 3, 9]
[20, 100, 210, 60, 150, 210, 0, 230, 0, 30, 100, 210, 240, 0, 20, 30, 180, 340, 60, 160, 0, 30, 60, 230, 240, 50, 60, 210, 20, 90, 140]
[100, 160, 380, 140, 210, 330, 230, 400, 30, 90, 210, 240, 390, 20, 30, 140, 310, 400, 150, 340, 20, 60, 180, 240, 350, 60, 210, 220, 50, 210, 180]
Tardiness: 0
Energy Consumption: 664.524500000001
Number of generations: 119
Calculation time of this iteration (s): 23.09685969352722




ITERATION 4

BEST:
[6, 9, 8, 1, 5, 7, 2, 8, 6, 3, 3, 0, 6, 4, 6, 1, 2, 0, 7, 4, 7, 5, 3, 3, 1, 4, 4, 4, 3, 0, 6]
[9, 5, 9, 5, 1, 3, 0, 6, 1, 9, 6, 8, 4, 8, 0, 9, 6, 3, 5, 7, 9, 3, 0, 2, 7, 8, 4, 7, 0, 8, 9]
[0, 100, 160, 40, 190, 250, 0, 240, 50, 180, 240, 310, 340, 80, 100, 150, 230, 370, 0, 160, 0, 80, 110, 230, 290, 0, 190, 280, 20, 50, 0]
[80, 160, 330, 190, 250, 370, 230, 410, 180, 240, 310, 340, 490, 100, 150, 160, 360, 450, 80, 340, 20, 110, 230, 240, 400, 100, 280, 290, 50, 170, 40]
Tardiness: 22
Energy Consumption: 785.845166666661
Number of generations: 151
Calculation time of this iteration (s): 29.10288095474243




ITERATION 5

BEST:
[7, 3, 1, 2, 0, 3, 7, 3, 9, 0, 4, 6, 4, 8, 8, 6, 6, 5, 4, 2, 1, 5, 1, 7, 4, 3, 4, 6, 6, 3, 0]
[9, 7, 5, 0, 8, 6, 4, 8, 5, 3, 6, 9, 4, 9, 7, 1, 4, 1, 8, 6, 9, 3, 7, 9, 4, 2, 3, 0, 9, 5, 8]
[0, 80, 200, 0, 150, 210, 0, 230, 0, 20, 80, 190, 220, 80, 160, 190, 290, 420, 60, 140, 10, 30, 170, 290, 300, 0, 10, 210, 30, 60, 150]
[80, 140, 370, 150, 210, 330, 230, 400, 20, 80, 190, 220, 460, 160, 170, 200, 420, 480, 140, 320, 30, 60, 290, 300, 410, 10, 150, 220, 60, 210, 190]
Tardiness: 0
Energy Consumption: 668.4836666666685
Number of generations: 135
Calculation time of this iteration (s): 27.47311758995056




ITERATION 6

BEST:
[7, 8, 1, 2, 0, 0, 3, 8, 4, 5, 6, 9, 6, 3, 5, 1, 2, 1, 4, 4, 3, 3, 6, 6, 0, 7, 4, 7, 6, 4, 3]
[3, 9, 5, 0, 8, 3, 1, 6, 8, 1, 4, 5, 1, 6, 3, 9, 6, 7, 1, 8, 0, 2, 4, 0, 8, 5, 4, 3, 9, 3, 0]
[0, 100, 210, 0, 150, 210, 0, 230, 0, 150, 230, 300, 330, 80, 140, 200, 260, 390, 30, 160, 0, 110, 140, 300, 310, 0, 190, 340, 0, 30, 150]
[80, 160, 380, 150, 210, 330, 230, 400, 30, 210, 300, 330, 480, 100, 200, 210, 390, 450, 110, 340, 110, 140, 260, 310, 420, 100, 280, 390, 30, 150, 190]
Tardiness: 12
Energy Consumption: 743.0771666666691
Number of generations: 119
Calculation time of this iteration (s): 24.37974500656128




ITERATION 7

BEST:
[3, 8, 2, 0, 9, 3, 4, 0, 6, 8, 5, 1, 7, 3, 6, 5, 7, 7, 6, 4, 6, 1, 2, 3, 4, 0, 1, 4, 3, 4, 6]
[1, 9, 0, 8, 5, 6, 6, 3, 9, 7, 9, 1, 9, 8, 1, 3, 5, 3, 4, 7, 0, 9, 6, 2, 8, 8, 7, 4, 0, 3, 9]
[0, 80, 240, 30, 150, 230, 0, 230, 0, 30, 90, 200, 270, 90, 180, 230, 260, 390, 50, 140, 30, 110, 140, 260, 270, 140, 150, 320, 0, 30, 0]
[80, 140, 410, 110, 210, 350, 230, 400, 30, 90, 200, 230, 420, 170, 230, 240, 390, 450, 140, 320, 50, 140, 260, 270, 380, 150, 240, 370, 30, 180, 40]
Tardiness: 0
Energy Consumption: 688.7023333333311
Number of generations: 72
Calculation time of this iteration (s): 15.557422399520874




ITERATION 8

BEST:
[3, 6, 2, 6, 9, 7, 4, 4, 0, 6, 8, 6, 5, 0, 3, 1, 4, 5, 8, 7, 1, 4, 3, 7, 1, 3, 4, 3, 6, 2, 0]
[7, 9, 0, 7, 5, 9, 6, 4, 8, 4, 9, 0, 9, 3, 2, 1, 8, 3, 6, 7, 9, 4, 8, 9, 7, 2, 3, 0, 9, 6, 8]
[0, 80, 280, 0, 150, 250, 0, 230, 0, 20, 170, 280, 310, 0, 80, 90, 220, 350, 60, 150, 0, 20, 100, 230, 260, 20, 100, 250, 30, 80, 0]
[80, 140, 450, 80, 210, 370, 230, 400, 20, 170, 280, 310, 460, 80, 90, 100, 350, 410, 150, 330, 20, 100, 220, 240, 370, 30, 250, 260, 60, 200, 40]
Tardiness: 0
Energy Consumption: 687.7795000000054
Number of generations: 210
Calculation time of this iteration (s): 42.51724672317505




ITERATION 9

BEST:
[3, 9, 4, 7, 6, 6, 7, 6, 3, 2, 8, 0, 5, 8, 1, 1, 4, 3, 0, 4, 3, 1, 5, 7, 6, 3, 0, 6, 4, 2, 4]
[7, 5, 6, 9, 9, 6, 4, 4, 2, 0, 9, 8, 9, 7, 1, 9, 1, 0, 3, 8, 2, 7, 3, 9, 0, 0, 8, 9, 4, 6, 7]
[0, 80, 150, 0, 150, 210, 0, 230, 0, 20, 230, 300, 330, 0, 80, 140, 270, 400, 60, 150, 10, 80, 150, 300, 310, 0, 10, 210, 30, 60, 0]
[80, 140, 320, 80, 210, 330, 230, 400, 20, 170, 300, 330, 480, 80, 140, 150, 400, 480, 150, 330, 30, 150, 270, 310, 420, 10, 150, 220, 60, 210, 40]
Tardiness: 12
Energy Consumption: 809.142999999996
Number of generations: 149
Calculation time of this iteration (s): 31.215280055999756




ITERATION 10

BEST:
[0, 7, 3, 4, 3, 8, 4, 3, 6, 9, 7, 1, 2, 6, 0, 5, 8, 5, 6, 4, 1, 0, 2, 7, 1, 3, 4, 4, 6, 6, 3]
[8, 9, 1, 6, 6, 9, 7, 8, 9, 5, 4, 1, 0, 1, 3, 9, 6, 3, 4, 5, 9, 8, 6, 9, 7, 2, 4, 7, 0, 9, 0]
[0, 80, 250, 30, 150, 210, 0, 260, 0, 80, 140, 250, 280, 0, 80, 130, 270, 400, 60, 150, 40, 110, 150, 270, 280, 0, 10, 210, 10, 140, 0]
[80, 140, 420, 110, 210, 330, 230, 430, 30, 140, 250, 280, 430, 80, 130, 240, 400, 480, 150, 330, 60, 140, 270, 280, 390, 10, 150, 220, 40, 260, 40]
Tardiness: 20
Energy Consumption: 694.8461666666698
Number of generations: 171
Calculation time of this iteration (s): 35.108519315719604




SUMMARY


GLOBAL BEST:
[6, 4, 3, 8, 3, 8, 4, 4, 6, 0, 2, 9, 0, 1, 7, 6, 5, 5, 3, 2, 6, 1, 7, 3, 0, 1, 4, 3, 7, 4, 6]
[9, 8, 1, 9, 6, 6, 4, 5, 1, 8, 0, 5, 3, 1, 9, 4, 9, 3, 8, 6, 0, 9, 7, 2, 8, 7, 4, 0, 9, 3, 9]
[20, 100, 210, 60, 150, 210, 0, 230, 0, 30, 100, 210, 240, 0, 20, 30, 180, 340, 60, 160, 0, 30, 60, 230, 240, 50, 60, 210, 20, 90, 140]
[100, 160, 380, 140, 210, 330, 230, 400, 30, 90, 210, 240, 390, 20, 30, 140, 310, 400, 150, 340, 20, 60, 180, 240, 350, 60, 210, 220, 50, 210, 180]
Tardiness: 0
Energy Consumption: 664.524500000001


Total execution time (s)
261.15256237983704
