
ITERATION 1

BEST:
[7, 6, 3, 5, 6, 4, 4, 5, 4, 6, 5, 6, 5, 4, 6, 2, 0, 1, 5]
[1, 2, 5, 4, 6, 7, 9, 7, 5, 8, 2, 1, 4, 9, 8, 0, 3, 7, 8]
[0, 230, 0, 0, 0, 40, 100, 260, 0, 50, 230, 410, 630, 0, 210, 430, 490, 520, 0]
[230, 320, 50, 70, 40, 100, 260, 350, 50, 230, 410, 630, 800, 210, 430, 490, 520, 550, 80]
Tardiness: 0
Energy Consumption: 647.3211666666655
Number of generations: 83
Calculation time of this iteration (s): 8.886334896087646




ITERATION 2

BEST:
[7, 4, 2, 3, 0, 5, 6, 6, 5, 6, 5, 6, 5, 4, 6, 5, 4, 1, 4]
[1, 7, 0, 5, 3, 4, 4, 6, 7, 8, 2, 1, 4, 9, 8, 8, 5, 7, 9]
[0, 230, 0, 0, 0, 40, 100, 260, 0, 50, 230, 410, 630, 50, 240, 460, 520, 550, 0]
[230, 320, 50, 70, 40, 100, 260, 350, 50, 230, 410, 630, 800, 240, 460, 520, 550, 580, 80]
Tardiness: 0
Energy Consumption: 630.0513333333406
Number of generations: 66
Calculation time of this iteration (s): 6.794806003570557




ITERATION 3

BEST:
[7, 4, 2, 3, 0, 5, 6, 5, 6, 6, 5, 6, 5, 4, 6, 5, 4, 1, 4]
[1, 7, 0, 5, 3, 4, 4, 7, 6, 8, 2, 1, 4, 9, 8, 8, 5, 7, 9]
[0, 230, 0, 0, 0, 40, 100, 260, 0, 50, 230, 410, 630, 50, 240, 460, 520, 550, 0]
[230, 320, 50, 70, 40, 100, 260, 350, 50, 230, 410, 630, 800, 240, 460, 520, 550, 580, 80]
Tardiness: 0
Energy Consumption: 628.1313333333404
Number of generations: 61
Calculation time of this iteration (s): 6.274634122848511




ITERATION 4

BEST:
[7, 4, 2, 3, 0, 5, 6, 5, 6, 6, 5, 4, 5, 6, 6, 1, 4, 4, 5]
[1, 7, 0, 5, 3, 4, 2, 7, 6, 8, 2, 9, 4, 1, 8, 7, 5, 9, 8]
[0, 230, 0, 0, 0, 40, 100, 260, 0, 50, 230, 410, 630, 0, 210, 430, 490, 520, 0]
[230, 320, 50, 70, 40, 100, 260, 350, 50, 230, 410, 630, 800, 210, 430, 490, 520, 550, 80]
Tardiness: 0
Energy Consumption: 672.092166666668
Number of generations: 58
Calculation time of this iteration (s): 6.9403252601623535




ITERATION 5

BEST:
[7, 4, 5, 5, 1, 3, 6, 5, 6, 4, 6, 5, 6, 5, 6, 2, 4, 0, 4]
[1, 7, 4, 7, 7, 5, 4, 2, 6, 9, 8, 4, 1, 7, 8, 0, 5, 3, 9]
[0, 230, 0, 0, 0, 40, 100, 260, 0, 50, 230, 410, 630, 50, 240, 460, 520, 550, 0]
[230, 320, 50, 70, 40, 100, 260, 350, 50, 230, 410, 630, 850, 240, 460, 520, 550, 580, 80]
Tardiness: 0
Energy Consumption: 609.7678333333278
Number of generations: 89
Calculation time of this iteration (s): 9.571298360824585




ITERATION 6

BEST:
[7, 4, 5, 5, 1, 5, 6, 6, 2, 4, 6, 6, 5, 6, 5, 3, 4, 0, 4]
[1, 7, 4, 7, 7, 2, 4, 6, 0, 9, 8, 1, 4, 8, 8, 5, 5, 3, 9]
[0, 230, 0, 0, 0, 40, 100, 260, 0, 50, 230, 410, 630, 50, 240, 460, 520, 550, 0]
[230, 320, 50, 70, 40, 100, 260, 350, 50, 230, 410, 630, 800, 240, 460, 520, 550, 580, 80]
Tardiness: 0
Energy Consumption: 604.1598333333271
Number of generations: 85
Calculation time of this iteration (s): 8.369657278060913




ITERATION 7

BEST:
[7, 4, 3, 5, 0, 5, 6, 6, 6, 4, 5, 6, 5, 6, 5, 2, 4, 1, 4]
[1, 7, 5, 4, 3, 7, 4, 6, 8, 9, 2, 1, 4, 8, 8, 0, 5, 7, 9]
[0, 230, 0, 0, 0, 40, 100, 260, 0, 50, 230, 410, 630, 50, 240, 460, 520, 550, 0]
[230, 320, 50, 70, 40, 100, 260, 350, 50, 230, 410, 630, 800, 240, 460, 520, 550, 580, 80]
Tardiness: 0
Energy Consumption: 614.3049999999984
Number of generations: 109
Calculation time of this iteration (s): 10.402878046035767




ITERATION 8

BEST:
[7, 4, 2, 3, 0, 5, 6, 5, 6, 6, 5, 6, 5, 4, 6, 1, 5, 4, 4]
[1, 7, 0, 5, 3, 4, 4, 7, 6, 8, 2, 1, 4, 9, 8, 7, 7, 5, 9]
[0, 230, 0, 0, 0, 40, 100, 260, 0, 50, 230, 410, 630, 50, 240, 460, 520, 550, 0]
[230, 320, 50, 70, 40, 100, 260, 350, 50, 230, 410, 630, 850, 240, 460, 520, 550, 580, 80]
Tardiness: 0
Energy Consumption: 648.0568333333404
Number of generations: 100
Calculation time of this iteration (s): 10.217470407485962




ITERATION 9

BEST:
[7, 5, 4, 5, 0, 1, 6, 5, 6, 4, 6, 5, 6, 5, 6, 3, 4, 2, 4]
[1, 4, 7, 7, 3, 7, 4, 2, 6, 9, 8, 4, 1, 7, 8, 5, 5, 0, 9]
[0, 230, 0, 0, 0, 40, 100, 260, 0, 50, 230, 410, 630, 50, 240, 460, 520, 550, 0]
[230, 320, 50, 70, 40, 100, 260, 350, 50, 230, 410, 630, 850, 240, 460, 520, 550, 580, 80]
Tardiness: 0
Energy Consumption: 614.5011666666583
Number of generations: 63
Calculation time of this iteration (s): 6.4425482749938965




ITERATION 10

BEST:
[7, 4, 3, 5, 2, 5, 6, 6, 1, 6, 5, 6, 5, 4, 5, 6, 0, 4, 4]
[1, 7, 5, 4, 0, 7, 4, 6, 7, 8, 2, 1, 4, 9, 7, 8, 3, 5, 9]
[0, 230, 0, 0, 0, 40, 100, 260, 0, 50, 230, 410, 630, 50, 240, 460, 520, 550, 0]
[230, 320, 50, 70, 40, 100, 260, 350, 50, 230, 410, 630, 850, 240, 460, 520, 550, 580, 80]
Tardiness: 0
Energy Consumption: 619.1746666666716
Number of generations: 57
Calculation time of this iteration (s): 6.076382398605347




SUMMARY


GLOBAL BEST:
[7, 4, 5, 5, 1, 5, 6, 6, 2, 4, 6, 6, 5, 6, 5, 3, 4, 0, 4]
[1, 7, 4, 7, 7, 2, 4, 6, 0, 9, 8, 1, 4, 8, 8, 5, 5, 3, 9]
[0, 230, 0, 0, 0, 40, 100, 260, 0, 50, 230, 410, 630, 50, 240, 460, 520, 550, 0]
[230, 320, 50, 70, 40, 100, 260, 350, 50, 230, 410, 630, 800, 240, 460, 520, 550, 580, 80]
Tardiness: 0
Energy Consumption: 604.1598333333271


Total execution time (s)
79.97633504867554
