
ITERATION 2


BEST:
[4, 6, 2, 3, 3, 8, 4, 1, 0, 6, 5, 0, 8, 9, 1, 5, 6, 7, 2, 3, 6, 3, 4, 6, 7, 3, 1, 7, 0, 4, 4]
[8, 9, 0, 1, 6, 9, 4, 5, 8, 1, 9, 3, 6, 5, 9, 3, 4, 9, 6, 8, 0, 9, 8, 9, 5, 0, 7, 9, 8, 4, 7]
[20, 100, 220, 0, 150, 210, 0, 230, 0, 30, 100, 220, 310, 0, 20, 210, 220, 350, 50, 160, 0, 30, 60, 230, 310, 210, 220, 420, 20, 90, 150]
[100, 160, 390, 150, 210, 330, 230, 400, 30, 90, 210, 310, 460, 20, 30, 220, 350, 430, 140, 340, 20, 60, 180, 240, 420, 220, 310, 430, 50, 210, 190]
Tardiness: 0
Energy Consumption: 504.79500000000195
Number of generations: 172
Calculation time of this iteration (s): 17.75038743019104
