
ITERATION 1

BEST:
[5, 1, 4, 3, 1, 0, 5, 2, 3, 3, 1, 4, 5, 3, 5, 5, 3]
[2, 1, 0, 1, 3, 1, 3, 1, 2, 0, 0, 3, 0, 2, 3, 2, 0]
[90, 0, 40, 290, 130, 40, 140, 240, 290, 490, 0, 310, 0, 140, 320, 470, 570]
[130, 40, 140, 320, 290, 90, 210, 290, 490, 570, 240, 440, 140, 310, 470, 570, 580]
Tardiness: 0
Energy Consumption: 419.35533333333296
Number of generations: 63
Calculation time of this iteration (s): 5.089859247207642




ITERATION 2

BEST:
[5, 3, 3, 1, 1, 0, 4, 2, 5, 3, 1, 3, 4, 5, 5, 5, 3]
[2, 1, 2, 1, 2, 1, 0, 1, 3, 0, 0, 3, 3, 0, 3, 2, 0]
[90, 50, 210, 340, 130, 0, 140, 240, 310, 520, 0, 370, 0, 140, 370, 520, 620]
[130, 90, 340, 370, 290, 50, 210, 290, 370, 600, 240, 500, 140, 310, 520, 620, 630]
Tardiness: 0
Energy Consumption: 425.5391666666692
Number of generations: 82
Calculation time of this iteration (s): 7.349535703659058




ITERATION 3

BEST:
[5, 1, 4, 3, 1, 0, 3, 2, 3, 5, 1, 4, 5, 3, 5, 5, 3]
[2, 1, 0, 1, 3, 1, 2, 1, 0, 3, 0, 3, 0, 2, 3, 2, 0]
[90, 0, 40, 290, 130, 40, 140, 240, 290, 490, 0, 310, 0, 140, 320, 470, 570]
[130, 40, 140, 320, 290, 90, 210, 290, 490, 570, 240, 440, 140, 310, 470, 570, 580]
Tardiness: 0
Energy Consumption: 414.49966666666506
Number of generations: 88
Calculation time of this iteration (s): 7.975252151489258




ITERATION 4

BEST:
[1, 5, 0, 3, 1, 4, 3, 2, 5, 3, 1, 3, 4, 5, 5, 5, 3]
[1, 2, 1, 1, 3, 0, 2, 1, 3, 0, 0, 3, 3, 0, 3, 2, 0]
[40, 0, 40, 290, 130, 80, 140, 240, 310, 470, 0, 370, 0, 140, 320, 500, 600]
[80, 40, 140, 320, 290, 130, 210, 290, 370, 550, 240, 500, 140, 310, 470, 600, 610]
Tardiness: 0
Energy Consumption: 416.7268333333329
Number of generations: 68
Calculation time of this iteration (s): 6.138631820678711




ITERATION 5

BEST:
[5, 1, 4, 3, 1, 0, 3, 2, 3, 5, 1, 4, 3, 5, 5, 5, 3]
[2, 1, 0, 1, 3, 1, 2, 1, 0, 3, 0, 3, 2, 0, 3, 2, 0]
[90, 0, 40, 290, 130, 40, 140, 240, 290, 490, 0, 310, 0, 140, 320, 470, 570]
[130, 40, 140, 320, 290, 90, 210, 290, 490, 570, 240, 440, 140, 310, 470, 570, 580]
Tardiness: 0
Energy Consumption: 413.9826666666632
Number of generations: 61
Calculation time of this iteration (s): 5.307109117507935




ITERATION 6

BEST:
[5, 1, 4, 3, 1, 0, 5, 2, 4, 3, 1, 3, 3, 5, 3, 5, 5]
[2, 1, 0, 1, 3, 1, 3, 1, 3, 2, 0, 0, 2, 0, 0, 3, 2]
[90, 0, 40, 240, 130, 40, 140, 270, 320, 520, 0, 310, 0, 140, 320, 470, 570]
[130, 40, 140, 270, 290, 90, 210, 320, 520, 600, 240, 440, 140, 310, 470, 570, 580]
Tardiness: 0
Energy Consumption: 437.27716666666527
Number of generations: 65
Calculation time of this iteration (s): 5.7992706298828125




ITERATION 7

BEST:
[5, 1, 4, 3, 1, 0, 5, 2, 4, 3, 1, 3, 3, 5, 5, 5, 3]
[2, 1, 0, 1, 3, 1, 3, 1, 3, 2, 0, 0, 2, 0, 3, 2, 0]
[90, 0, 40, 240, 130, 40, 140, 270, 320, 520, 0, 310, 0, 140, 320, 470, 570]
[130, 40, 140, 270, 290, 90, 210, 320, 520, 600, 240, 440, 140, 310, 470, 570, 580]
Tardiness: 0
Energy Consumption: 413.9284999999985
Number of generations: 62
Calculation time of this iteration (s): 5.185665607452393




ITERATION 8

BEST:
[5, 1, 4, 3, 1, 0, 3, 2, 3, 5, 1, 4, 3, 5, 5, 5, 3]
[2, 1, 0, 1, 3, 1, 2, 1, 0, 3, 0, 3, 2, 0, 3, 2, 0]
[90, 0, 40, 290, 130, 40, 140, 240, 290, 490, 0, 310, 0, 140, 320, 470, 570]
[130, 40, 140, 320, 290, 90, 210, 290, 490, 570, 240, 440, 140, 310, 470, 570, 580]
Tardiness: 0
Energy Consumption: 413.9826666666632
Number of generations: 62
Calculation time of this iteration (s): 5.528727769851685




ITERATION 9

BEST:
[5, 1, 4, 3, 1, 0, 3, 2, 5, 3, 1, 3, 4, 5, 5, 5, 3]
[2, 1, 0, 1, 3, 1, 2, 1, 3, 0, 0, 3, 3, 0, 3, 2, 0]
[90, 0, 40, 290, 130, 40, 140, 240, 310, 470, 0, 370, 0, 140, 320, 500, 600]
[130, 40, 140, 320, 290, 90, 210, 290, 370, 550, 240, 500, 140, 310, 470, 600, 610]
Tardiness: 0
Energy Consumption: 414.8398333333325
Number of generations: 71
Calculation time of this iteration (s): 5.675505638122559




ITERATION 10

BEST:
[5, 1, 4, 3, 1, 0, 3, 2, 3, 5, 1, 4, 3, 5, 5, 5, 3]
[2, 1, 0, 1, 3, 1, 2, 1, 0, 3, 0, 3, 2, 0, 3, 2, 0]
[90, 0, 40, 290, 130, 40, 140, 240, 290, 490, 0, 310, 0, 140, 320, 470, 570]
[130, 40, 140, 320, 290, 90, 210, 290, 490, 570, 240, 440, 140, 310, 470, 570, 580]
Tardiness: 0
Energy Consumption: 413.9826666666632
Number of generations: 61
Calculation time of this iteration (s): 5.080894231796265




SUMMARY


GLOBAL BEST:
[5, 1, 4, 3, 1, 0, 5, 2, 4, 3, 1, 3, 3, 5, 5, 5, 3]
[2, 1, 0, 1, 3, 1, 3, 1, 3, 2, 0, 0, 2, 0, 3, 2, 0]
[90, 0, 40, 240, 130, 40, 140, 270, 320, 520, 0, 310, 0, 140, 320, 470, 570]
[130, 40, 140, 270, 290, 90, 210, 320, 520, 600, 240, 440, 140, 310, 470, 570, 580]
Tardiness: 0
Energy Consumption: 413.9284999999985


Total execution time (s)
59.130451917648315
