
ITERATION 1

BEST:
[9, 3, 4, 5, 4, 0, 5, 6, 1, 1, 7, 7, 2, 9, 4, 3, 6, 5, 2, 8, 7, 8, 3, 5, 1, 9, 2, 6, 4, 8, 8, 7, 3, 1, 4, 7, 8, 3]
[6, 3, 4, 0, 3, 6, 4, 4, 3, 6, 1, 5, 8, 7, 0, 2, 3, 6, 5, 1, 4, 7, 8, 1, 4, 5, 7, 4, 2, 2, 1, 7, 6, 3, 8, 1, 8, 7]
[10, 60, 220, 300, 370, 0, 220, 320, 0, 50, 220, 340, 420, 0, 50, 60, 290, 370, 0, 40, 300, 340, 150, 220, 370, 0, 130, 220, 390, 480, 130, 300, 370, 400, 480, 0, 10, 270]
[30, 220, 300, 370, 500, 220, 270, 390, 50, 220, 330, 420, 570, 40, 60, 290, 370, 430, 30, 150, 340, 350, 220, 260, 610, 130, 190, 290, 420, 610, 300, 320, 400, 480, 590, 10, 220, 390]
Tardiness: 10
Energy Consumption: 679.5618333333307
Number of generations: 220
Calculation time of this iteration (s): 34.96123743057251




ITERATION 2

BEST:
[3, 8, 9, 6, 8, 1, 0, 2, 9, 3, 6, 7, 8, 7, 4, 1, 8, 2, 5, 7, 3, 3, 8, 5, 1, 4, 5, 7, 9, 2, 4, 3, 1, 6, 4, 5, 4, 7]
[3, 4, 6, 4, 7, 3, 6, 8, 7, 2, 3, 1, 2, 5, 1, 6, 1, 5, 0, 4, 8, 6, 0, 3, 4, 3, 6, 7, 5, 8, 8, 7, 3, 4, 7, 1, 8, 6]
[10, 50, 210, 290, 360, 0, 220, 330, 0, 50, 220, 330, 410, 130, 340, 400, 590, 640, 0, 250, 410, 450, 50, 210, 360, 0, 130, 190, 280, 450, 0, 50, 220, 320, 400, 0, 70, 280]
[30, 210, 290, 360, 490, 220, 270, 400, 50, 220, 330, 410, 560, 320, 350, 590, 640, 700, 30, 340, 450, 460, 120, 250, 600, 130, 190, 260, 310, 580, 50, 70, 250, 400, 590, 10, 280, 400]
Tardiness: 220
Energy Consumption: 1007.4145000000046
Number of generations: 80
Calculation time of this iteration (s): 13.776010513305664




ITERATION 3

BEST:
[4, 4, 0, 2, 4, 8, 9, 3, 6, 1, 5, 7, 8, 3, 9, 2, 5, 9, 1, 2, 1, 8, 8, 7, 5, 4, 6, 3, 6, 7, 7, 8, 1, 5, 7, 3, 4, 3]
[0, 5, 6, 8, 0, 4, 6, 3, 2, 3, 6, 1, 6, 2, 7, 5, 4, 5, 6, 8, 4, 2, 7, 2, 6, 7, 3, 1, 2, 4, 0, 8, 3, 1, 8, 6, 5, 7]
[0, 50, 230, 310, 380, 0, 220, 270, 0, 110, 280, 360, 500, 0, 120, 220, 450, 500, 30, 180, 310, 360, 0, 210, 360, 0, 310, 380, 450, 530, 0, 180, 280, 310, 420, 20, 30, 270]
[20, 210, 310, 380, 510, 220, 270, 340, 50, 280, 360, 440, 650, 120, 220, 450, 500, 680, 180, 290, 350, 370, 110, 250, 590, 130, 360, 450, 470, 640, 50, 230, 310, 420, 530, 30, 240, 390]
Tardiness: 242
Energy Consumption: 1159.764166666685
Number of generations: 77
Calculation time of this iteration (s): 13.295146942138672




ITERATION 4

BEST:
[9, 7, 6, 3, 2, 0, 4, 7, 6, 4, 8, 2, 9, 3, 1, 1, 3, 9, 4, 6, 7, 7, 8, 8, 1, 8, 4, 5, 4, 2, 8, 3, 5, 5, 1, 7, 3, 5]
[6, 1, 4, 3, 8, 6, 0, 5, 3, 3, 4, 5, 7, 2, 3, 6, 1, 5, 0, 8, 4, 7, 7, 2, 4, 1, 2, 0, 0, 7, 8, 6, 4, 6, 3, 1, 7, 1]
[10, 130, 290, 370, 440, 0, 220, 310, 0, 50, 220, 370, 450, 0, 120, 130, 360, 440, 360, 440, 550, 590, 0, 70, 220, 0, 130, 190, 260, 420, 70, 290, 310, 340, 440, 0, 10, 270]
[30, 290, 370, 440, 570, 220, 270, 380, 50, 220, 300, 450, 600, 120, 130, 360, 440, 560, 390, 550, 590, 600, 70, 110, 440, 130, 190, 260, 290, 550, 120, 310, 340, 420, 550, 10, 220, 390]
Tardiness: 80
Energy Consumption: 759.1478333333379
Number of generations: 192
Calculation time of this iteration (s): 43.97289443016052




ITERATION 5

BEST:
[0, 4, 2, 5, 9, 6, 7, 3, 8, 4, 7, 9, 2, 1, 8, 6, 7, 1, 3, 4, 8, 2, 8, 7, 1, 5, 4, 9, 6, 7, 3, 5, 5, 8, 3, 1, 3, 4]
[6, 4, 8, 0, 6, 4, 1, 3, 4, 5, 5, 7, 5, 3, 7, 6, 4, 6, 2, 0, 2, 7, 1, 0, 4, 3, 1, 5, 8, 1, 3, 2, 1, 0, 6, 3, 7, 8]
[0, 50, 280, 360, 430, 0, 220, 270, 0, 50, 300, 430, 510, 0, 40, 140, 370, 500, 0, 210, 300, 630, 40, 110, 280, 0, 140, 200, 370, 500, 110, 240, 260, 290, 390, 20, 30, 270]
[20, 210, 360, 430, 560, 220, 270, 340, 50, 220, 430, 510, 660, 40, 140, 370, 500, 560, 30, 300, 520, 640, 110, 280, 500, 130, 200, 270, 390, 630, 160, 260, 290, 370, 580, 30, 240, 390]
Tardiness: 138
Energy Consumption: 1197.3781666666869
Number of generations: 77
Calculation time of this iteration (s): 25.642916440963745




ITERATION 6

BEST:
[8, 9, 3, 1, 2, 8, 0, 7, 9, 2, 6, 5, 4, 2, 8, 1, 3, 5, 4, 1, 6, 5, 4, 7, 8, 3, 5, 9, 7, 4, 1, 6, 3, 8, 4, 3, 7, 7]
[4, 6, 1, 3, 8, 7, 6, 1, 7, 5, 4, 0, 0, 8, 2, 6, 2, 4, 3, 4, 3, 6, 0, 5, 1, 3, 1, 5, 4, 7, 3, 2, 6, 8, 8, 7, 0, 8]
[10, 0, 160, 240, 430, 0, 220, 270, 0, 130, 300, 430, 510, 30, 160, 170, 400, 450, 0, 120, 240, 340, 50, 170, 300, 130, 270, 330, 400, 510, 0, 50, 70, 260, 340, 0, 70, 330]
[30, 160, 240, 310, 560, 220, 270, 340, 130, 300, 430, 510, 660, 150, 170, 400, 450, 510, 30, 230, 280, 350, 120, 210, 530, 260, 330, 400, 420, 620, 50, 70, 100, 340, 450, 10, 280, 450]
Tardiness: 62
Energy Consumption: 1046.2593333333398
Number of generations: 94
Calculation time of this iteration (s): 29.841736316680908




ITERATION 7

BEST:
[9, 3, 7, 4, 6, 1, 5, 2, 8, 0, 5, 9, 4, 1, 5, 3, 2, 8, 7, 9, 4, 7, 8, 4, 7, 6, 7, 4, 8, 8, 5, 1, 2, 6, 3, 1, 3, 3]
[6, 3, 1, 4, 4, 3, 0, 0, 4, 6, 4, 7, 5, 6, 6, 2, 5, 7, 2, 5, 8, 4, 2, 2, 7, 3, 6, 8, 1, 0, 1, 4, 3, 7, 1, 3, 6, 7]
[10, 50, 210, 340, 410, 30, 240, 290, 0, 50, 390, 500, 580, 0, 40, 140, 330, 410, 0, 160, 290, 380, 40, 210, 370, 0, 220, 270, 340, 370, 110, 220, 270, 300, 380, 0, 10, 290]
[30, 210, 290, 410, 540, 240, 290, 410, 50, 220, 470, 580, 730, 40, 140, 330, 410, 470, 30, 270, 330, 390, 110, 250, 550, 130, 270, 340, 370, 500, 160, 240, 300, 380, 570, 10, 220, 410]
Tardiness: 96
Energy Consumption: 1074.086833333334
Number of generations: 94
Calculation time of this iteration (s): 29.360031604766846




ITERATION 8

BEST:
[2, 6, 4, 3, 6, 5, 9, 7, 4, 8, 0, 9, 2, 5, 6, 2, 9, 8, 5, 8, 1, 7, 4, 1, 8, 7, 7, 3, 5, 3, 1, 1, 3, 4, 7, 8, 4, 3]
[8, 4, 4, 3, 5, 0, 6, 1, 3, 4, 6, 7, 5, 4, 7, 7, 5, 6, 6, 2, 3, 2, 8, 6, 1, 4, 5, 0, 1, 3, 4, 3, 6, 2, 8, 0, 5, 7]
[10, 120, 310, 390, 460, 0, 230, 410, 0, 50, 280, 410, 490, 70, 110, 220, 410, 490, 0, 160, 270, 320, 0, 70, 230, 0, 240, 290, 400, 480, 110, 160, 210, 240, 320, 0, 10, 280]
[30, 280, 390, 460, 590, 220, 280, 480, 50, 260, 410, 490, 640, 110, 120, 410, 490, 670, 30, 270, 310, 330, 70, 230, 410, 130, 290, 360, 480, 590, 160, 210, 240, 320, 510, 10, 220, 400]
Tardiness: 266
Energy Consumption: 1003.733666666697
Number of generations: 50
Calculation time of this iteration (s): 18.57441473007202




ITERATION 9

BEST:
[0, 4, 9, 3, 1, 9, 5, 8, 7, 2, 6, 2, 3, 9, 4, 4, 5, 8, 2, 1, 8, 4, 8, 7, 4, 1, 7, 5, 5, 6, 3, 3, 8, 7, 3, 7, 6, 1]
[6, 1, 6, 3, 8, 7, 0, 4, 1, 0, 4, 5, 2, 5, 3, 8, 4, 6, 7, 6, 2, 7, 1, 2, 8, 4, 4, 6, 1, 3, 3, 6, 0, 5, 7, 8, 2, 3]
[0, 0, 190, 270, 370, 30, 240, 290, 0, 50, 240, 370, 450, 0, 190, 200, 390, 440, 0, 120, 270, 400, 50, 200, 370, 190, 320, 370, 440, 520, 0, 50, 220, 320, 400, 20, 30, 290]
[20, 190, 270, 340, 500, 240, 290, 360, 50, 220, 370, 450, 600, 190, 200, 390, 440, 500, 30, 230, 310, 410, 120, 240, 600, 320, 370, 440, 520, 630, 50, 100, 250, 400, 590, 30, 240, 410]
Tardiness: 38
Energy Consumption: 924.1820000000102
Number of generations: 72
Calculation time of this iteration (s): 24.198277473449707




ITERATION 10

BEST:
[9, 0, 8, 4, 1, 7, 8, 4, 6, 2, 8, 9, 3, 7, 3, 1, 5, 2, 4, 8, 5, 7, 6, 2, 9, 1, 4, 5, 3, 1, 7, 5, 3, 3, 7, 6, 4, 8]
[6, 6, 4, 4, 8, 1, 7, 5, 2, 0, 2, 7, 3, 5, 2, 6, 0, 5, 8, 1, 3, 4, 3, 7, 5, 4, 7, 6, 1, 3, 0, 1, 6, 7, 1, 2, 8, 8]
[10, 0, 190, 320, 390, 0, 250, 300, 0, 140, 310, 390, 470, 50, 90, 190, 380, 430, 210, 240, 330, 390, 0, 330, 370, 0, 190, 250, 320, 400, 0, 50, 110, 140, 490, 0, 70, 300]
[30, 190, 270, 390, 520, 210, 300, 370, 50, 310, 390, 470, 620, 90, 190, 380, 430, 490, 240, 330, 370, 400, 110, 370, 600, 130, 250, 320, 340, 530, 50, 70, 140, 220, 600, 10, 280, 420]
Tardiness: 10
Energy Consumption: 680.8430000000005
Number of generations: 180
Calculation time of this iteration (s): 50.216405391693115




SUMMARY


GLOBAL BEST:
[9, 3, 4, 5, 4, 0, 5, 6, 1, 1, 7, 7, 2, 9, 4, 3, 6, 5, 2, 8, 7, 8, 3, 5, 1, 9, 2, 6, 4, 8, 8, 7, 3, 1, 4, 7, 8, 3]
[6, 3, 4, 0, 3, 6, 4, 4, 3, 6, 1, 5, 8, 7, 0, 2, 3, 6, 5, 1, 4, 7, 8, 1, 4, 5, 7, 4, 2, 2, 1, 7, 6, 3, 8, 1, 8, 7]
[10, 60, 220, 300, 370, 0, 220, 320, 0, 50, 220, 340, 420, 0, 50, 60, 290, 370, 0, 40, 300, 340, 150, 220, 370, 0, 130, 220, 390, 480, 130, 300, 370, 400, 480, 0, 10, 270]
[30, 220, 300, 370, 500, 220, 270, 390, 50, 220, 330, 420, 570, 40, 60, 290, 370, 430, 30, 150, 340, 350, 220, 260, 610, 130, 190, 290, 420, 610, 300, 320, 400, 480, 590, 10, 220, 390]
Tardiness: 10
Energy Consumption: 679.5618333333307


Total execution time (s)
283.8390712738037
