
ITERATION 1

BEST:
[3, 7, 6, 7, 1, 2, 4, 3, 0, 3, 6, 5, 0, 8, 8, 4, 4, 2, 5, 8, 2, 1, 1, 0, 5, 1, 8, 8, 3, 3, 1]
[2, 0, 4, 1, 6, 8, 2, 8, 4, 3, 1, 5, 0, 6, 5, 5, 0, 7, 8, 6, 1, 2, 4, 5, 4, 5, 8, 1, 7, 6, 8]
[20, 110, 310, 0, 230, 400, 460, 540, 0, 200, 310, 0, 200, 370, 500, 580, 30, 250, 310, 0, 370, 480, 0, 280, 0, 40, 120, 170, 250, 480, 540]
[110, 290, 400, 120, 400, 460, 500, 590, 200, 310, 400, 30, 370, 500, 580, 650, 230, 310, 330, 60, 480, 530, 20, 290, 40, 280, 170, 250, 430, 540, 600]
Tardiness: 0
Energy Consumption: 810.346333333326
Number of generations: 110
Calculation time of this iteration (s): 13.681310653686523




ITERATION 2

BEST:
[8, 7, 6, 3, 7, 2, 5, 8, 0, 1, 3, 4, 4, 6, 8, 8, 0, 2, 0, 2, 4, 3, 1, 1, 5, 3, 5, 8, 1, 1, 3]
[6, 0, 4, 2, 1, 8, 5, 5, 4, 6, 8, 2, 5, 1, 6, 8, 0, 7, 5, 1, 0, 3, 2, 4, 8, 7, 4, 1, 5, 8, 6]
[20, 110, 290, 50, 230, 400, 460, 540, 0, 200, 310, 0, 200, 370, 500, 580, 30, 230, 290, 0, 430, 540, 0, 280, 0, 40, 0, 60, 170, 370, 430]
[110, 290, 380, 170, 400, 460, 500, 590, 200, 310, 400, 30, 370, 500, 580, 650, 230, 290, 310, 60, 540, 590, 20, 290, 40, 280, 50, 140, 350, 430, 490]
Tardiness: 0
Energy Consumption: 802.0651666666628
Number of generations: 119
Calculation time of this iteration (s): 16.18948245048523




ITERATION 3

BEST:
[3, 6, 8, 7, 7, 2, 4, 1, 0, 3, 8, 5, 0, 6, 2, 8, 4, 1, 5, 3, 8, 0, 4, 2, 1, 3, 5, 1, 8, 1, 3]
[2, 3, 6, 0, 1, 8, 2, 6, 4, 8, 5, 5, 0, 1, 7, 6, 5, 2, 8, 3, 8, 5, 0, 2, 4, 7, 4, 5, 1, 8, 6]
[0, 90, 290, 50, 230, 400, 460, 540, 0, 200, 400, 0, 200, 370, 500, 580, 30, 230, 290, 130, 370, 480, 0, 280, 0, 40, 0, 50, 170, 480, 540]
[90, 270, 380, 170, 400, 460, 500, 590, 200, 310, 470, 30, 370, 500, 580, 650, 230, 290, 310, 190, 480, 530, 230, 290, 40, 280, 50, 130, 350, 540, 600]
Tardiness: 0
Energy Consumption: 834.342499999995
Number of generations: 79
Calculation time of this iteration (s): 11.648009538650513




ITERATION 4

BEST:
[1, 7, 3, 4, 8, 2, 6, 5, 0, 7, 3, 8, 0, 4, 3, 6, 4, 8, 5, 2, 3, 1, 0, 1, 2, 1, 3, 8, 8, 1, 5]
[6, 0, 2, 2, 6, 8, 4, 5, 4, 1, 8, 5, 0, 5, 3, 1, 0, 6, 8, 7, 7, 2, 5, 4, 1, 5, 6, 8, 1, 8, 4]
[20, 110, 310, 0, 230, 400, 460, 540, 0, 200, 310, 0, 200, 370, 500, 580, 30, 250, 310, 0, 370, 480, 0, 280, 0, 40, 120, 170, 250, 480, 540]
[110, 290, 400, 120, 400, 460, 500, 590, 200, 310, 400, 30, 370, 500, 580, 650, 230, 310, 330, 60, 480, 530, 20, 290, 40, 280, 170, 250, 430, 540, 600]
Tardiness: 0
Energy Consumption: 818.9339999999881
Number of generations: 94
Calculation time of this iteration (s): 12.806751489639282




ITERATION 5

BEST:
[8, 7, 6, 7, 3, 2, 5, 8, 0, 1, 4, 3, 4, 0, 6, 2, 4, 3, 1, 8, 8, 2, 0, 1, 5, 3, 5, 3, 1, 1, 8]
[6, 0, 4, 1, 2, 8, 5, 5, 4, 6, 2, 8, 5, 0, 1, 7, 0, 3, 2, 6, 8, 1, 5, 4, 8, 7, 4, 6, 5, 8, 1]
[20, 110, 290, 50, 230, 400, 460, 540, 0, 200, 310, 0, 200, 370, 500, 580, 30, 230, 290, 0, 430, 540, 0, 280, 0, 40, 0, 60, 170, 370, 430]
[110, 290, 380, 170, 400, 460, 500, 590, 200, 310, 400, 30, 370, 500, 580, 650, 230, 290, 310, 60, 540, 590, 20, 290, 40, 280, 50, 140, 350, 430, 490]
Tardiness: 0
Energy Consumption: 782.2501666666618
Number of generations: 182
Calculation time of this iteration (s): 22.71312427520752




ITERATION 6

BEST:
[8, 3, 5, 7, 7, 6, 2, 3, 0, 4, 6, 8, 0, 1, 3, 8, 4, 0, 1, 8, 4, 2, 5, 1, 5, 1, 2, 1, 3, 8, 3]
[6, 2, 5, 0, 1, 4, 8, 8, 4, 2, 1, 5, 0, 6, 3, 6, 5, 5, 2, 8, 0, 7, 8, 4, 4, 5, 1, 8, 7, 1, 6]
[20, 110, 290, 50, 230, 400, 460, 540, 0, 200, 310, 0, 200, 370, 500, 580, 30, 230, 290, 0, 430, 540, 0, 280, 0, 40, 0, 60, 170, 370, 430]
[110, 290, 380, 170, 400, 460, 500, 590, 200, 310, 400, 30, 370, 500, 580, 650, 230, 290, 310, 60, 540, 590, 20, 290, 40, 280, 50, 140, 350, 430, 490]
Tardiness: 0
Energy Consumption: 828.4933333333347
Number of generations: 116
Calculation time of this iteration (s): 14.961965560913086




ITERATION 7

BEST:
[8, 7, 6, 3, 0, 4, 5, 2, 7, 0, 2, 3, 1, 6, 8, 1, 4, 2, 1, 5, 4, 3, 5, 0, 8, 3, 8, 8, 1, 1, 3]
[6, 0, 4, 2, 4, 2, 5, 8, 1, 0, 7, 8, 6, 1, 5, 2, 5, 1, 4, 8, 0, 3, 4, 5, 6, 7, 8, 1, 5, 8, 6]
[20, 110, 290, 50, 230, 400, 460, 540, 0, 200, 310, 0, 200, 370, 500, 580, 30, 230, 290, 0, 370, 480, 0, 280, 0, 40, 0, 60, 170, 480, 540]
[110, 290, 380, 170, 400, 460, 500, 590, 200, 310, 400, 30, 370, 500, 580, 650, 230, 290, 310, 60, 480, 530, 20, 290, 40, 280, 50, 140, 350, 540, 600]
Tardiness: 0
Energy Consumption: 823.82350000001
Number of generations: 117
Calculation time of this iteration (s): 15.380302667617798




ITERATION 8

BEST:
[3, 7, 4, 8, 7, 6, 5, 2, 0, 1, 6, 8, 4, 0, 2, 2, 4, 8, 3, 1, 8, 3, 1, 0, 5, 3, 5, 3, 1, 1, 8]
[2, 0, 2, 6, 1, 4, 5, 8, 4, 6, 1, 5, 5, 0, 7, 1, 0, 6, 8, 2, 8, 3, 4, 5, 8, 7, 4, 6, 5, 8, 1]
[20, 110, 290, 50, 230, 400, 460, 540, 0, 200, 310, 0, 200, 370, 500, 580, 30, 230, 290, 0, 430, 540, 0, 280, 0, 40, 0, 60, 170, 370, 430]
[110, 290, 380, 170, 400, 460, 500, 590, 200, 310, 400, 30, 370, 500, 580, 650, 230, 290, 310, 60, 540, 590, 20, 290, 40, 280, 50, 140, 350, 430, 490]
Tardiness: 0
Energy Consumption: 775.4468333333301
Number of generations: 194
Calculation time of this iteration (s): 23.88005757331848




ITERATION 9

BEST:
[6, 8, 3, 7, 7, 4, 5, 8, 0, 1, 2, 5, 5, 0, 3, 6, 4, 8, 2, 3, 4, 0, 1, 1, 2, 3, 8, 3, 1, 1, 8]
[4, 6, 2, 0, 1, 2, 5, 5, 4, 6, 8, 7, 4, 0, 8, 1, 5, 6, 7, 3, 0, 5, 2, 4, 1, 7, 8, 6, 5, 8, 1]
[20, 110, 290, 50, 230, 400, 460, 500, 0, 280, 390, 0, 200, 370, 500, 580, 30, 230, 290, 0, 60, 280, 0, 280, 0, 40, 0, 60, 170, 370, 480]
[110, 290, 380, 170, 400, 460, 500, 550, 200, 390, 480, 30, 370, 500, 580, 650, 230, 290, 310, 60, 280, 330, 20, 290, 40, 280, 50, 140, 350, 430, 540]
Tardiness: 0
Energy Consumption: 846.5655000000048
Number of generations: 64
Calculation time of this iteration (s): 9.003852128982544




ITERATION 10

BEST:
[8, 7, 1, 3, 0, 2, 6, 3, 7, 6, 4, 5, 0, 2, 8, 4, 4, 1, 1, 8, 8, 2, 5, 0, 3, 3, 5, 3, 1, 8, 1]
[6, 0, 6, 2, 4, 8, 4, 8, 1, 1, 2, 5, 0, 7, 5, 5, 0, 2, 4, 6, 8, 1, 8, 5, 3, 7, 4, 6, 5, 1, 8]
[0, 90, 290, 50, 230, 400, 460, 540, 0, 200, 310, 0, 200, 370, 500, 580, 30, 230, 290, 0, 430, 540, 90, 280, 0, 40, 0, 60, 170, 370, 430]
[90, 270, 380, 170, 400, 460, 500, 590, 200, 310, 400, 30, 370, 500, 580, 650, 230, 290, 310, 60, 540, 590, 110, 290, 40, 280, 50, 140, 350, 430, 490]
Tardiness: 0
Energy Consumption: 794.5119999999945
Number of generations: 142
Calculation time of this iteration (s): 18.437029600143433




SUMMARY


GLOBAL BEST:
[3, 7, 4, 8, 7, 6, 5, 2, 0, 1, 6, 8, 4, 0, 2, 2, 4, 8, 3, 1, 8, 3, 1, 0, 5, 3, 5, 3, 1, 1, 8]
[2, 0, 2, 6, 1, 4, 5, 8, 4, 6, 1, 5, 5, 0, 7, 1, 0, 6, 8, 2, 8, 3, 4, 5, 8, 7, 4, 6, 5, 8, 1]
[20, 110, 290, 50, 230, 400, 460, 540, 0, 200, 310, 0, 200, 370, 500, 580, 30, 230, 290, 0, 430, 540, 0, 280, 0, 40, 0, 60, 170, 370, 430]
[110, 290, 380, 170, 400, 460, 500, 590, 200, 310, 400, 30, 370, 500, 580, 650, 230, 290, 310, 60, 540, 590, 20, 290, 40, 280, 50, 140, 350, 430, 490]
Tardiness: 0
Energy Consumption: 775.4468333333301


Total execution time (s)
158.7018859386444
