
ITERATION 1

BEST:
[5, 4, 1, 9, 8, 7, 0, 2, 0, 0, 6, 8, 1, 6, 3, 4, 6, 7, 9, 9, 4]
[2, 8, 7, 4, 8, 4, 6, 3, 0, 2, 1, 2, 1, 4, 6, 0, 5, 8, 6, 4, 8]
[0, 20, 250, 0, 70, 0, 20, 0, 250, 470, 0, 0, 400, 600, 210, 430, 240, 430, 0, 210, 600]
[20, 250, 370, 70, 250, 10, 100, 240, 400, 650, 40, 70, 600, 610, 400, 470, 430, 600, 210, 320, 660]
Tardiness: 0
Energy Consumption: 627.7454999999998
Number of generations: 61
Calculation time of this iteration (s): 11.248304843902588




ITERATION 2

BEST:
[0, 4, 3, 5, 8, 9, 0, 0, 1, 1, 8, 6, 2, 7, 7, 6, 9, 9, 6, 4, 4]
[6, 8, 6, 2, 8, 4, 0, 2, 7, 1, 2, 1, 3, 4, 8, 4, 6, 4, 5, 0, 8]
[0, 20, 250, 0, 70, 0, 20, 0, 250, 470, 0, 250, 400, 600, 210, 430, 240, 430, 0, 210, 600]
[20, 250, 370, 70, 250, 10, 100, 240, 400, 650, 40, 320, 600, 610, 400, 470, 430, 600, 210, 320, 660]
Tardiness: 0
Energy Consumption: 622.8593333333374
Number of generations: 113
Calculation time of this iteration (s): 21.54668927192688




ITERATION 3

BEST:
[6, 4, 9, 5, 1, 3, 7, 1, 8, 2, 0, 0, 9, 4, 9, 6, 0, 7, 6, 4, 8]
[1, 8, 4, 2, 7, 0, 4, 1, 8, 3, 6, 0, 6, 0, 4, 4, 2, 8, 5, 8, 2]
[0, 20, 250, 0, 70, 0, 0, 0, 250, 470, 0, 0, 460, 660, 210, 430, 240, 430, 0, 210, 400]
[20, 250, 370, 70, 250, 10, 10, 240, 400, 650, 40, 70, 660, 670, 400, 470, 430, 600, 210, 320, 460]
Tardiness: 0
Energy Consumption: 610.0203333333269
Number of generations: 142
Calculation time of this iteration (s): 24.37648344039917




ITERATION 4

BEST:
[0, 4, 0, 6, 8, 5, 9, 0, 3, 2, 7, 6, 1, 8, 6, 4, 1, 7, 9, 9, 4]
[6, 8, 0, 1, 8, 2, 4, 2, 6, 3, 4, 4, 7, 2, 5, 0, 1, 8, 6, 4, 8]
[0, 20, 250, 0, 70, 0, 20, 0, 250, 470, 0, 0, 400, 600, 210, 430, 240, 430, 0, 210, 600]
[20, 250, 370, 70, 250, 10, 100, 240, 400, 650, 40, 70, 600, 610, 400, 470, 430, 600, 210, 320, 660]
Tardiness: 0
Energy Consumption: 621.615666666662
Number of generations: 108
Calculation time of this iteration (s): 19.79861617088318




ITERATION 5

BEST:
[0, 4, 9, 5, 8, 7, 0, 0, 7, 2, 6, 6, 6, 8, 1, 4, 1, 3, 9, 9, 4]
[6, 8, 4, 2, 8, 4, 0, 2, 8, 3, 1, 4, 5, 2, 7, 0, 1, 6, 6, 4, 8]
[0, 20, 250, 0, 70, 0, 20, 0, 250, 470, 0, 0, 400, 600, 210, 430, 240, 430, 0, 210, 600]
[20, 250, 370, 70, 250, 10, 100, 240, 400, 650, 40, 70, 600, 610, 400, 470, 430, 600, 210, 320, 660]
Tardiness: 0
Energy Consumption: 614.2016666666678
Number of generations: 150
Calculation time of this iteration (s): 27.023271560668945




ITERATION 6

BEST:
[0, 2, 1, 5, 1, 7, 0, 4, 3, 0, 9, 6, 8, 6, 9, 4, 7, 9, 6, 4, 8]
[6, 3, 7, 2, 1, 4, 0, 8, 6, 2, 4, 1, 8, 4, 6, 0, 8, 4, 5, 8, 2]
[0, 20, 250, 0, 70, 0, 20, 0, 250, 470, 0, 250, 400, 600, 0, 430, 240, 430, 190, 400, 600]
[20, 250, 370, 70, 250, 10, 100, 240, 400, 650, 40, 320, 600, 610, 190, 470, 430, 600, 400, 510, 660]
Tardiness: 0
Energy Consumption: 634.5161666666693
Number of generations: 55
Calculation time of this iteration (s): 11.680160760879517




ITERATION 7

BEST:
[3, 2, 0, 9, 4, 5, 6, 8, 1, 1, 7, 0, 0, 4, 9, 6, 7, 9, 6, 4, 8]
[0, 3, 6, 4, 8, 2, 1, 8, 7, 1, 4, 0, 2, 0, 6, 4, 8, 4, 5, 8, 2]
[0, 20, 250, 0, 70, 0, 0, 0, 250, 470, 0, 0, 400, 600, 210, 430, 240, 430, 0, 210, 600]
[20, 250, 370, 70, 250, 10, 10, 240, 400, 650, 40, 70, 600, 610, 400, 470, 430, 600, 210, 320, 660]
Tardiness: 0
Energy Consumption: 637.3441666666727
Number of generations: 93
Calculation time of this iteration (s): 16.544102430343628




ITERATION 8

BEST:
[3, 4, 9, 5, 8, 7, 0, 2, 0, 0, 6, 7, 1, 6, 1, 8, 9, 9, 6, 4, 4]
[0, 8, 4, 2, 8, 4, 6, 3, 0, 2, 1, 8, 7, 4, 1, 2, 6, 4, 5, 0, 8]
[0, 20, 250, 0, 70, 0, 0, 0, 250, 470, 0, 0, 400, 600, 210, 430, 240, 430, 0, 210, 600]
[20, 250, 370, 70, 250, 10, 10, 240, 400, 650, 40, 70, 600, 610, 400, 470, 430, 600, 210, 320, 660]
Tardiness: 0
Energy Consumption: 628.3110000000029
Number of generations: 72
Calculation time of this iteration (s): 13.383205890655518




ITERATION 9

BEST:
[5, 4, 1, 0, 1, 0, 9, 2, 3, 8, 7, 4, 9, 6, 9, 6, 0, 7, 6, 8, 4]
[2, 8, 7, 6, 1, 0, 4, 3, 6, 8, 4, 0, 6, 1, 4, 4, 2, 8, 5, 2, 8]
[0, 20, 250, 0, 70, 0, 20, 0, 250, 470, 0, 250, 460, 660, 210, 430, 240, 430, 0, 210, 400]
[20, 250, 370, 70, 250, 10, 100, 240, 400, 650, 40, 320, 660, 670, 400, 470, 430, 600, 210, 320, 460]
Tardiness: 0
Energy Consumption: 624.1776666666537
Number of generations: 97
Calculation time of this iteration (s): 17.596694231033325




ITERATION 10

BEST:
[7, 4, 9, 5, 1, 0, 0, 1, 3, 0, 6, 6, 2, 4, 8, 8, 7, 9, 6, 9, 4]
[4, 8, 4, 2, 7, 6, 0, 1, 6, 2, 1, 4, 3, 0, 8, 2, 8, 6, 5, 4, 8]
[0, 20, 250, 0, 70, 0, 20, 0, 250, 470, 0, 250, 400, 600, 0, 430, 240, 430, 190, 400, 600]
[20, 250, 370, 70, 250, 10, 100, 240, 400, 650, 40, 320, 600, 610, 190, 470, 430, 600, 400, 510, 660]
Tardiness: 0
Energy Consumption: 634.6346666666673
Number of generations: 81
Calculation time of this iteration (s): 14.730074644088745




SUMMARY


GLOBAL BEST:
[6, 4, 9, 5, 1, 3, 7, 1, 8, 2, 0, 0, 9, 4, 9, 6, 0, 7, 6, 4, 8]
[1, 8, 4, 2, 7, 0, 4, 1, 8, 3, 6, 0, 6, 0, 4, 4, 2, 8, 5, 8, 2]
[0, 20, 250, 0, 70, 0, 0, 0, 250, 470, 0, 0, 460, 660, 210, 430, 240, 430, 0, 210, 400]
[20, 250, 370, 70, 250, 10, 10, 240, 400, 650, 40, 70, 660, 670, 400, 470, 430, 600, 210, 320, 460]
Tardiness: 0
Energy Consumption: 610.0203333333269


Total execution time (s)
177.9276032447815
