
ITERATION 1

BEST:
[6, 7, 1, 3, 0, 2, 6, 1, 7, 8, 0, 6, 5, 3, 5, 0, 2, 7, 4, 4, 3, 6, 3, 5, 3, 4]
[8, 4, 2, 1, 4, 8, 3, 7, 8, 2, 2, 0, 6, 5, 5, 8, 1, 4, 4, 5, 7, 1, 0, 6, 7, 3]
[60, 250, 360, 0, 30, 80, 140, 0, 10, 200, 340, 460, 200, 420, 490, 0, 200, 300, 0, 80, 320, 340, 0, 140, 190, 30]
[190, 360, 420, 30, 200, 140, 160, 10, 160, 300, 460, 490, 420, 490, 500, 200, 300, 440, 80, 320, 340, 450, 60, 160, 200, 250]
Tardiness: 0
Energy Consumption: 558.8348333333324
Number of generations: 185
Calculation time of this iteration (s): 20.41036033630371




ITERATION 2

BEST:
[7, 1, 2, 1, 5, 0, 7, 2, 6, 6, 7, 4, 4, 8, 4, 0, 3, 0, 3, 3, 6, 6, 5, 5, 3, 3]
[4, 2, 8, 7, 6, 4, 6, 1, 8, 3, 4, 4, 7, 2, 3, 0, 1, 8, 5, 2, 0, 1, 5, 6, 0, 3]
[60, 190, 370, 0, 30, 0, 60, 80, 90, 250, 400, 520, 260, 480, 490, 0, 240, 340, 60, 140, 380, 400, 0, 200, 250, 30]
[190, 370, 430, 30, 200, 60, 80, 90, 240, 360, 520, 550, 480, 490, 500, 200, 340, 480, 140, 380, 400, 510, 60, 250, 260, 250]
Tardiness: 0
Energy Consumption: 737.2186666666651
Number of generations: 33
Calculation time of this iteration (s): 4.764696836471558




ITERATION 3

BEST:
[1, 6, 3, 5, 8, 1, 2, 2, 0, 5, 0, 4, 0, 4, 7, 3, 6, 3, 7, 3, 6, 7, 4, 5, 6, 3]
[2, 8, 8, 6, 2, 7, 8, 1, 4, 0, 2, 4, 8, 7, 5, 5, 3, 2, 6, 0, 7, 4, 3, 6, 1, 3]
[0, 250, 360, 0, 30, 230, 290, 80, 230, 380, 490, 610, 130, 350, 360, 0, 200, 370, 0, 80, 360, 430, 0, 200, 350, 30]
[130, 360, 420, 30, 200, 290, 310, 230, 380, 490, 610, 640, 350, 360, 370, 200, 370, 510, 80, 320, 430, 540, 200, 250, 360, 250]
Tardiness: 52
Energy Consumption: 836.5131666666647
Number of generations: 25
Calculation time of this iteration (s): 3.4779961109161377




ITERATION 4

BEST:
[6, 6, 1, 3, 8, 1, 2, 0, 2, 3, 7, 4, 5, 3, 5, 7, 4, 7, 0, 4, 6, 5, 6, 3, 3, 0]
[8, 3, 2, 1, 2, 5, 8, 1, 1, 5, 4, 4, 6, 7, 5, 8, 7, 4, 2, 3, 0, 2, 1, 0, 7, 8]
[10, 250, 360, 0, 30, 80, 250, 0, 130, 280, 380, 500, 60, 380, 390, 0, 280, 380, 0, 80, 320, 340, 0, 140, 280, 30]
[250, 360, 420, 30, 130, 140, 270, 10, 280, 380, 500, 530, 280, 390, 400, 200, 380, 540, 80, 320, 340, 450, 60, 160, 290, 250]
Tardiness: 0
Energy Consumption: 585.3668333333314
Number of generations: 117
Calculation time of this iteration (s): 12.936473369598389




ITERATION 5

BEST:
[6, 5, 1, 1, 7, 8, 2, 3, 0, 2, 7, 6, 0, 3, 5, 0, 7, 3, 4, 4, 6, 6, 5, 3, 3, 4]
[8, 6, 2, 5, 4, 2, 8, 1, 4, 1, 8, 3, 0, 5, 5, 8, 4, 2, 4, 5, 0, 1, 2, 0, 7, 3]
[60, 190, 370, 0, 30, 80, 140, 0, 130, 280, 390, 510, 200, 420, 490, 0, 280, 390, 0, 80, 370, 390, 0, 140, 190, 30]
[190, 370, 430, 30, 130, 140, 160, 10, 280, 390, 510, 540, 420, 490, 500, 200, 380, 550, 80, 320, 390, 500, 60, 160, 200, 250]
Tardiness: 0
Energy Consumption: 508.16450000000157
Number of generations: 136
Calculation time of this iteration (s): 15.609310626983643




ITERATION 6

BEST:
[6, 7, 2, 1, 7, 1, 6, 3, 0, 2, 8, 3, 7, 3, 6, 5, 0, 6, 4, 0, 3, 3, 4, 5, 5, 4]
[8, 4, 8, 2, 8, 5, 3, 1, 4, 1, 2, 5, 4, 7, 0, 6, 2, 1, 4, 8, 0, 3, 7, 5, 6, 3]
[60, 250, 360, 0, 30, 80, 140, 0, 130, 280, 380, 500, 200, 420, 530, 0, 280, 380, 0, 80, 320, 340, 0, 140, 190, 30]
[190, 360, 420, 30, 130, 140, 160, 10, 280, 380, 500, 530, 420, 430, 540, 200, 380, 520, 80, 320, 340, 450, 60, 160, 200, 250]
Tardiness: 0
Energy Consumption: 541.6744999999974
Number of generations: 166
Calculation time of this iteration (s): 18.414393424987793




ITERATION 7

BEST:
[6, 5, 3, 1, 1, 6, 0, 7, 7, 3, 8, 2, 2, 3, 6, 7, 0, 6, 4, 0, 5, 4, 3, 3, 5, 4]
[8, 6, 4, 2, 5, 3, 1, 4, 8, 5, 2, 8, 1, 7, 0, 4, 2, 1, 4, 8, 5, 5, 0, 3, 6, 3]
[0, 250, 360, 0, 30, 200, 260, 0, 130, 280, 380, 500, 210, 430, 530, 0, 280, 380, 0, 80, 320, 340, 120, 180, 200, 30]
[240, 360, 420, 30, 130, 260, 280, 120, 280, 380, 500, 530, 430, 500, 540, 200, 380, 520, 80, 320, 340, 450, 180, 200, 210, 250]
Tardiness: 0
Energy Consumption: 611.6099999999993
Number of generations: 111
Calculation time of this iteration (s): 13.884366273880005




ITERATION 8

BEST:
[5, 6, 7, 1, 0, 2, 3, 7, 8, 7, 4, 6, 2, 5, 1, 0, 3, 4, 3, 4, 5, 6, 3, 3, 6, 0]
[6, 8, 4, 2, 4, 8, 1, 8, 2, 4, 4, 3, 1, 0, 7, 2, 5, 5, 7, 3, 2, 7, 6, 7, 1, 8]
[60, 250, 360, 0, 30, 80, 140, 0, 10, 200, 300, 530, 200, 420, 490, 0, 200, 370, 0, 80, 320, 390, 0, 140, 190, 30]
[190, 360, 420, 30, 200, 140, 160, 10, 160, 300, 530, 560, 420, 490, 500, 200, 370, 530, 80, 320, 390, 500, 60, 160, 200, 250]
Tardiness: 0
Energy Consumption: 703.210833333328
Number of generations: 98
Calculation time of this iteration (s): 12.033656597137451




ITERATION 9

BEST:
[6, 7, 1, 3, 1, 2, 0, 6, 8, 3, 2, 4, 5, 6, 7, 7, 0, 6, 4, 4, 5, 5, 3, 3, 3, 0]
[8, 4, 2, 1, 5, 8, 1, 3, 2, 5, 1, 4, 6, 0, 6, 4, 2, 1, 7, 3, 5, 2, 7, 0, 7, 8]
[10, 250, 360, 0, 30, 80, 250, 0, 130, 290, 390, 510, 60, 280, 320, 0, 280, 380, 0, 80, 320, 340, 0, 200, 280, 30]
[250, 360, 420, 30, 130, 140, 270, 10, 280, 390, 510, 540, 280, 290, 330, 200, 380, 540, 80, 320, 340, 450, 60, 250, 290, 250]
Tardiness: 0
Energy Consumption: 609.4788333333324
Number of generations: 137
Calculation time of this iteration (s): 14.541819334030151




ITERATION 10

BEST:
[6, 7, 1, 3, 1, 0, 6, 2, 7, 0, 8, 6, 5, 3, 5, 7, 2, 6, 4, 0, 3, 3, 3, 4, 5, 4]
[8, 4, 2, 1, 5, 4, 3, 8, 8, 0, 2, 0, 6, 5, 5, 4, 1, 1, 4, 8, 7, 0, 3, 7, 2, 3]
[60, 190, 370, 0, 30, 80, 140, 0, 130, 280, 390, 510, 200, 420, 540, 0, 280, 380, 0, 80, 370, 390, 0, 140, 190, 30]
[190, 370, 430, 30, 130, 140, 160, 10, 280, 380, 510, 540, 420, 430, 550, 200, 380, 540, 80, 320, 390, 500, 60, 160, 200, 250]
Tardiness: 0
Energy Consumption: 570.4949999999968
Number of generations: 116
Calculation time of this iteration (s): 12.384942531585693




SUMMARY


GLOBAL BEST:
[6, 5, 1, 1, 7, 8, 2, 3, 0, 2, 7, 6, 0, 3, 5, 0, 7, 3, 4, 4, 6, 6, 5, 3, 3, 4]
[8, 6, 2, 5, 4, 2, 8, 1, 4, 1, 8, 3, 0, 5, 5, 8, 4, 2, 4, 5, 0, 1, 2, 0, 7, 3]
[60, 190, 370, 0, 30, 80, 140, 0, 130, 280, 390, 510, 200, 420, 490, 0, 280, 390, 0, 80, 370, 390, 0, 140, 190, 30]
[190, 370, 430, 30, 130, 140, 160, 10, 280, 390, 510, 540, 420, 490, 500, 200, 380, 550, 80, 320, 390, 500, 60, 160, 200, 250]
Tardiness: 0
Energy Consumption: 508.16450000000157


Total execution time (s)
128.45801544189453
