
ITERATION 1

BEST:
[6, 4, 8, 0, 8, 0, 3, 7, 8, 6, 8, 1, 2, 3, 2, 6, 3, 5, 6, 3, 3, 2]
[1, 5, 1, 2, 6, 0, 7, 0, 1, 2, 6, 7, 4, 4, 1, 3, 5, 3, 2, 6, 5, 0]
[0, 10, 130, 0, 240, 390, 0, 130, 230, 370, 420, 0, 220, 0, 70, 100, 220, 250, 70, 130, 170, 240]
[10, 250, 300, 90, 250, 410, 130, 230, 370, 420, 490, 200, 460, 70, 100, 220, 390, 390, 130, 170, 240, 300]
Tardiness: 0
Energy Consumption: 612.3316666666625
Number of generations: 85
Calculation time of this iteration (s): 8.274397611618042




ITERATION 2

BEST:
[2, 0, 4, 6, 0, 6, 3, 2, 8, 3, 8, 8, 3, 7, 8, 6, 1, 5, 6, 3, 2, 3]
[0, 1, 5, 1, 0, 2, 7, 2, 1, 4, 5, 1, 5, 0, 6, 3, 7, 3, 2, 6, 0, 5]
[0, 60, 130, 0, 130, 440, 0, 130, 250, 390, 440, 0, 250, 30, 100, 130, 250, 300, 100, 200, 250, 320]
[30, 300, 300, 60, 180, 460, 130, 230, 390, 440, 510, 200, 490, 100, 130, 250, 420, 440, 160, 250, 320, 380]
Tardiness: 0
Energy Consumption: 582.7393333333346
Number of generations: 134
Calculation time of this iteration (s): 12.6582772731781




ITERATION 3

BEST:
[0, 4, 2, 6, 6, 0, 8, 6, 1, 2, 8, 3, 8, 6, 3, 5, 3, 7, 2, 8, 3, 3]
[2, 5, 5, 7, 2, 0, 1, 3, 6, 1, 6, 7, 1, 2, 4, 3, 5, 0, 0, 6, 6, 5]
[0, 10, 0, 200, 250, 390, 80, 210, 310, 450, 500, 0, 230, 0, 80, 110, 230, 250, 0, 220, 260, 330]
[10, 250, 220, 250, 260, 410, 210, 310, 450, 500, 570, 200, 470, 80, 110, 230, 400, 390, 60, 260, 330, 390]
Tardiness: 0
Energy Consumption: 589.2858333333309
Number of generations: 127
Calculation time of this iteration (s): 12.354925632476807




ITERATION 4

BEST:
[3, 0, 4, 3, 6, 6, 8, 0, 6, 8, 6, 2, 3, 7, 2, 5, 1, 8, 2, 8, 3, 3]
[7, 1, 5, 4, 1, 2, 1, 0, 3, 6, 2, 5, 5, 0, 1, 3, 7, 1, 0, 6, 6, 5]
[0, 30, 130, 200, 250, 410, 0, 130, 250, 390, 440, 0, 250, 30, 100, 130, 250, 270, 100, 160, 260, 330]
[30, 270, 300, 250, 260, 430, 130, 230, 390, 440, 510, 200, 490, 100, 130, 250, 420, 410, 160, 200, 330, 390]
Tardiness: 0
Energy Consumption: 553.551666666666
Number of generations: 124
Calculation time of this iteration (s): 11.23971676826477




ITERATION 5

BEST:
[6, 4, 3, 0, 6, 0, 8, 8, 1, 3, 7, 8, 2, 8, 2, 3, 5, 6, 6, 3, 3, 2]
[1, 5, 7, 2, 2, 0, 1, 3, 6, 4, 0, 1, 5, 6, 1, 5, 3, 7, 2, 6, 5, 0]
[0, 10, 0, 200, 250, 390, 0, 130, 250, 390, 440, 0, 180, 0, 70, 130, 280, 250, 70, 130, 180, 250]
[10, 250, 220, 250, 260, 410, 130, 230, 390, 440, 510, 200, 420, 70, 100, 280, 450, 390, 130, 180, 250, 310]
Tardiness: 0
Energy Consumption: 583.0910000000013
Number of generations: 127
Calculation time of this iteration (s): 11.62194561958313




ITERATION 6

BEST:
[1, 4, 0, 3, 6, 3, 0, 7, 8, 8, 6, 8, 2, 8, 2, 3, 5, 6, 6, 3, 3, 2]
[3, 5, 1, 7, 1, 4, 0, 0, 1, 5, 2, 1, 4, 6, 1, 5, 3, 7, 2, 6, 5, 0]
[0, 30, 0, 230, 320, 410, 0, 130, 250, 390, 440, 0, 210, 30, 100, 130, 280, 270, 100, 200, 250, 320]
[30, 270, 210, 320, 330, 430, 130, 230, 390, 440, 510, 200, 450, 100, 130, 280, 450, 410, 160, 250, 320, 380]
Tardiness: 0
Energy Consumption: 615.8201666666687
Number of generations: 114
Calculation time of this iteration (s): 10.674310445785522




ITERATION 7

BEST:
[6, 0, 4, 8, 6, 0, 8, 3, 1, 6, 7, 2, 8, 8, 3, 6, 3, 2, 3, 2, 3, 5]
[7, 1, 5, 1, 2, 0, 3, 7, 6, 3, 0, 5, 1, 6, 4, 2, 5, 1, 6, 0, 5, 3]
[0, 30, 0, 200, 250, 410, 80, 210, 310, 450, 500, 0, 260, 0, 80, 140, 260, 270, 30, 90, 140, 220]
[30, 270, 220, 250, 260, 430, 210, 310, 450, 500, 570, 200, 500, 80, 110, 260, 430, 410, 90, 140, 210, 280]
Tardiness: 0
Energy Consumption: 584.746499999996
Number of generations: 68
Calculation time of this iteration (s): 7.503404855728149




ITERATION 8

BEST:
[0, 0, 8, 7, 8, 4, 6, 2, 1, 2, 2, 3, 8, 3, 5, 8, 6, 3, 3, 6, 3, 6]
[2, 0, 1, 0, 6, 5, 7, 4, 3, 3, 0, 7, 4, 4, 6, 5, 2, 5, 6, 1, 5, 2]
[0, 10, 0, 0, 210, 410, 80, 220, 320, 460, 510, 0, 100, 0, 80, 110, 310, 250, 0, 60, 100, 220]
[10, 250, 210, 90, 410, 430, 210, 320, 460, 510, 580, 200, 340, 80, 110, 310, 480, 390, 60, 100, 220, 310]
Tardiness: 12
Energy Consumption: 1000.1098333333453
Number of generations: 52
Calculation time of this iteration (s): 5.376821517944336




ITERATION 9

BEST:
[2, 0, 4, 0, 6, 6, 3, 6, 8, 3, 8, 8, 3, 7, 8, 2, 1, 5, 6, 3, 3, 2]
[4, 1, 5, 0, 1, 2, 7, 3, 1, 4, 6, 1, 5, 0, 6, 2, 7, 3, 2, 6, 5, 0]
[0, 30, 130, 0, 130, 410, 0, 130, 230, 370, 420, 0, 250, 30, 100, 130, 250, 270, 100, 160, 200, 270]
[30, 270, 300, 90, 180, 430, 130, 230, 370, 420, 490, 200, 490, 100, 130, 250, 420, 410, 160, 200, 270, 330]
Tardiness: 0
Energy Consumption: 591.2798333333338
Number of generations: 208
Calculation time of this iteration (s): 18.867262840270996




ITERATION 10

BEST:
[0, 4, 8, 6, 6, 0, 1, 8, 3, 3, 7, 8, 2, 6, 8, 5, 3, 6, 2, 3, 3, 2]
[2, 5, 1, 7, 2, 0, 1, 3, 7, 4, 0, 1, 5, 3, 6, 3, 5, 2, 1, 6, 5, 0]
[0, 10, 60, 200, 320, 390, 80, 210, 310, 450, 500, 0, 230, 0, 80, 110, 230, 250, 0, 60, 250, 320]
[10, 250, 250, 250, 330, 410, 210, 310, 450, 500, 570, 200, 470, 80, 110, 230, 400, 390, 60, 110, 320, 380]
Tardiness: 0
Energy Consumption: 562.4018333333346
Number of generations: 94
Calculation time of this iteration (s): 9.20363163948059




SUMMARY


GLOBAL BEST:
[3, 0, 4, 3, 6, 6, 8, 0, 6, 8, 6, 2, 3, 7, 2, 5, 1, 8, 2, 8, 3, 3]
[7, 1, 5, 4, 1, 2, 1, 0, 3, 6, 2, 5, 5, 0, 1, 3, 7, 1, 0, 6, 6, 5]
[0, 30, 130, 200, 250, 410, 0, 130, 250, 390, 440, 0, 250, 30, 100, 130, 250, 270, 100, 160, 260, 330]
[30, 270, 300, 250, 260, 430, 130, 230, 390, 440, 510, 200, 490, 100, 130, 250, 420, 410, 160, 200, 330, 390]
Tardiness: 0
Energy Consumption: 553.551666666666


Total execution time (s)
107.77469420433044
