
ITERATION 7


BEST:
[8, 6, 3, 3, 9, 0, 2, 5, 1, 4, 8, 6, 3, 1, 4, 3, 6, 7, 0, 2, 6, 5, 4, 4, 0, 6, 7, 7, 1, 4, 3]
[9, 9, 1, 6, 5, 2, 0, 9, 1, 8, 6, 1, 8, 9, 1, 9, 4, 9, 3, 6, 0, 3, 8, 4, 8, 9, 5, 9, 7, 3, 0]
[0, 130, 210, 30, 140, 200, 0, 230, 0, 30, 90, 200, 290, 0, 140, 200, 260, 390, 50, 190, 30, 110, 140, 260, 300, 290, 300, 410, 0, 90, 0]
[130, 190, 380, 110, 200, 320, 230, 400, 30, 90, 200, 290, 440, 20, 200, 210, 390, 450, 140, 370, 50, 140, 260, 270, 410, 300, 390, 420, 30, 210, 40]
Tardiness: 0
Energy Consumption: 518.1163333333334
Number of generations: 114
Calculation time of this iteration (s): 12.14281964302063
