
ITERATION 1

BEST:
[0, 0, 1, 6, 3, 6, 1, 6, 1, 2, 0, 5, 8, 9, 8, 4, 4, 5, 1, 3, 9, 7, 0, 8, 4, 3, 0, 8, 1, 4, 3, 9, 8]
[9, 7, 9, 1, 8, 5, 2, 2, 0, 1, 4, 9, 7, 8, 1, 3, 7, 4, 4, 0, 1, 1, 9, 0, 1, 6, 2, 2, 9, 3, 4, 0, 9]
[0, 10, 30, 100, 310, 10, 60, 120, 130, 370, 80, 0, 150, 340, 450, 0, 240, 470, 560, 60, 100, 0, 80, 190, 340, 30, 110, 340, 540, 570, 150, 290, 540]
[10, 30, 60, 310, 480, 60, 120, 130, 370, 570, 110, 150, 340, 450, 490, 240, 430, 560, 730, 100, 130, 80, 190, 230, 470, 60, 290, 540, 550, 670, 160, 340, 660]
Tardiness: 0
Energy Consumption: 1052.728333333336
Number of generations: 69
Calculation time of this iteration (s): 19.00605034828186




ITERATION 2

BEST:
[0, 1, 0, 8, 6, 1, 3, 8, 0, 4, 0, 2, 1, 9, 6, 7, 5, 6, 1, 5, 3, 3, 8, 0, 9, 4, 9, 4, 1, 4, 3, 8, 8]
[9, 9, 7, 7, 1, 2, 8, 1, 5, 3, 9, 1, 0, 3, 5, 1, 9, 2, 4, 4, 0, 8, 6, 2, 1, 7, 0, 1, 9, 3, 4, 1, 9]
[0, 10, 30, 80, 290, 10, 60, 120, 130, 370, 260, 0, 150, 340, 550, 0, 240, 470, 560, 290, 370, 0, 80, 190, 290, 30, 80, 260, 560, 670, 240, 420, 470]
[10, 30, 80, 290, 460, 60, 120, 130, 370, 570, 290, 150, 340, 550, 590, 240, 430, 560, 730, 330, 400, 80, 190, 230, 420, 60, 260, 460, 670, 770, 300, 470, 590]
Tardiness: 2
Energy Consumption: 1265.9465000000152
Number of generations: 58
Calculation time of this iteration (s): 16.34864568710327




ITERATION 3

BEST:
[0, 0, 1, 8, 0, 1, 6, 8, 1, 2, 6, 7, 4, 9, 0, 3, 5, 4, 1, 6, 3, 5, 3, 0, 4, 8, 8, 4, 9, 3, 9, 1, 8]
[9, 7, 9, 7, 5, 2, 1, 1, 0, 1, 5, 1, 3, 8, 9, 8, 9, 7, 4, 2, 0, 4, 6, 2, 1, 0, 2, 3, 1, 4, 0, 9, 9]
[0, 10, 30, 80, 290, 10, 60, 120, 130, 370, 260, 10, 160, 350, 460, 0, 240, 430, 520, 290, 370, 0, 80, 190, 290, 30, 80, 350, 550, 570, 0, 520, 570]
[10, 30, 80, 290, 460, 60, 120, 130, 370, 570, 290, 160, 350, 460, 500, 240, 430, 520, 690, 330, 400, 80, 190, 230, 420, 60, 260, 550, 560, 670, 10, 570, 690]
Tardiness: 0
Energy Consumption: 950.4803333333324
Number of generations: 233
Calculation time of this iteration (s): 46.07424807548523




ITERATION 4

BEST:
[0, 0, 1, 0, 6, 9, 1, 6, 4, 8, 8, 5, 3, 5, 6, 2, 1, 7, 1, 3, 0, 4, 0, 1, 3, 8, 4, 8, 9, 8, 9, 3, 4]
[9, 7, 9, 5, 1, 8, 2, 5, 3, 7, 1, 9, 8, 4, 2, 1, 0, 1, 4, 0, 9, 7, 2, 9, 6, 0, 1, 2, 1, 9, 0, 4, 3]
[0, 10, 30, 100, 310, 10, 60, 120, 130, 370, 260, 10, 160, 350, 460, 0, 240, 430, 520, 60, 100, 0, 80, 190, 290, 30, 80, 350, 550, 570, 0, 520, 570]
[10, 30, 80, 310, 480, 60, 120, 130, 370, 570, 290, 160, 350, 460, 500, 240, 430, 520, 690, 100, 130, 80, 190, 230, 420, 60, 260, 550, 560, 670, 10, 570, 690]
Tardiness: 0
Energy Consumption: 982.7298333333362
Number of generations: 113
Calculation time of this iteration (s): 17.284849405288696




ITERATION 5

BEST:
[0, 0, 6, 0, 1, 6, 1, 0, 8, 1, 8, 5, 2, 7, 6, 3, 4, 9, 1, 5, 3, 0, 3, 4, 3, 8, 4, 4, 9, 8, 9, 1, 8]
[9, 7, 1, 5, 9, 5, 2, 9, 7, 0, 1, 9, 1, 1, 2, 8, 3, 8, 4, 4, 0, 2, 6, 7, 4, 0, 1, 3, 1, 2, 0, 9, 8]
[0, 10, 30, 80, 290, 10, 60, 120, 130, 370, 260, 0, 150, 340, 450, 0, 240, 430, 520, 290, 370, 0, 80, 190, 290, 30, 80, 340, 540, 550, 150, 520, 570]
[10, 30, 80, 290, 460, 60, 120, 130, 370, 570, 290, 150, 340, 450, 490, 240, 430, 520, 690, 330, 400, 80, 190, 230, 420, 60, 260, 540, 550, 710, 160, 570, 690]
Tardiness: 0
Energy Consumption: 969.321000000006
Number of generations: 209
Calculation time of this iteration (s): 29.969160079956055




ITERATION 6

BEST:
[0, 0, 1, 8, 0, 6, 1, 8, 2, 7, 6, 3, 5, 9, 6, 1, 1, 5, 4, 3, 0, 3, 9, 4, 0, 8, 4, 4, 1, 8, 9, 3, 8]
[9, 7, 9, 7, 5, 1, 2, 1, 1, 1, 5, 8, 9, 8, 2, 0, 4, 4, 3, 0, 9, 6, 1, 7, 2, 6, 1, 3, 9, 2, 0, 4, 9]
[0, 10, 30, 100, 310, 10, 60, 120, 130, 370, 260, 0, 150, 340, 450, 0, 240, 470, 560, 60, 370, 0, 80, 190, 290, 30, 80, 450, 650, 660, 150, 420, 470]
[10, 30, 80, 310, 480, 60, 120, 130, 370, 570, 290, 150, 340, 450, 490, 240, 430, 560, 730, 100, 400, 80, 190, 230, 420, 60, 260, 650, 660, 760, 160, 470, 590]
Tardiness: 0
Energy Consumption: 1046.9424999999958
Number of generations: 107
Calculation time of this iteration (s): 15.691766738891602




ITERATION 7

BEST:
[0, 0, 1, 0, 6, 1, 5, 6, 8, 2, 8, 1, 4, 7, 6, 1, 9, 4, 3, 3, 9, 3, 4, 0, 5, 1, 4, 0, 8, 8, 3, 9, 8]
[9, 7, 9, 5, 1, 2, 9, 5, 7, 1, 1, 0, 3, 1, 2, 4, 3, 7, 8, 0, 1, 6, 1, 9, 4, 9, 3, 2, 0, 2, 4, 0, 8]
[0, 10, 30, 100, 310, 10, 60, 120, 130, 370, 80, 0, 150, 340, 450, 0, 240, 470, 560, 60, 370, 0, 80, 190, 290, 30, 110, 340, 540, 550, 240, 420, 540]
[10, 30, 80, 310, 480, 60, 120, 130, 370, 570, 110, 150, 340, 450, 490, 240, 430, 560, 730, 100, 400, 80, 190, 230, 420, 60, 290, 540, 550, 710, 300, 470, 660]
Tardiness: 0
Energy Consumption: 1016.802833333345
Number of generations: 122
Calculation time of this iteration (s): 18.47361946105957




ITERATION 8

BEST:
[0, 0, 0, 6, 1, 5, 6, 1, 2, 3, 0, 8, 1, 9, 8, 7, 1, 6, 4, 5, 4, 4, 0, 3, 8, 9, 4, 3, 3, 8, 9, 1, 8]
[9, 7, 5, 1, 9, 9, 5, 2, 1, 8, 9, 7, 0, 8, 1, 1, 4, 2, 3, 4, 7, 1, 2, 0, 0, 1, 3, 6, 4, 2, 0, 9, 8]
[0, 10, 30, 100, 310, 10, 60, 120, 130, 370, 80, 0, 150, 340, 450, 0, 240, 430, 520, 60, 370, 0, 80, 190, 290, 30, 110, 340, 540, 550, 150, 520, 570]
[10, 30, 80, 310, 480, 60, 120, 130, 370, 570, 110, 150, 340, 450, 490, 240, 430, 520, 690, 100, 400, 80, 190, 230, 420, 60, 290, 540, 550, 710, 160, 570, 690]
Tardiness: 0
Energy Consumption: 1055.2955000000075
Number of generations: 69
Calculation time of this iteration (s): 10.850342035293579




ITERATION 9

BEST:
[0, 0, 0, 6, 1, 9, 9, 1, 1, 4, 6, 2, 8, 5, 8, 3, 4, 7, 1, 6, 3, 0, 3, 5, 4, 8, 0, 4, 1, 8, 9, 3, 8]
[9, 7, 4, 1, 9, 8, 1, 2, 0, 3, 5, 1, 7, 9, 1, 8, 7, 1, 4, 2, 0, 9, 6, 4, 1, 0, 2, 3, 9, 2, 0, 4, 9]
[0, 10, 30, 100, 310, 10, 60, 120, 130, 370, 130, 10, 160, 350, 460, 0, 240, 470, 560, 60, 370, 0, 80, 190, 340, 30, 160, 350, 550, 570, 0, 80, 550]
[10, 30, 60, 310, 480, 60, 120, 130, 370, 570, 160, 160, 350, 460, 500, 240, 430, 560, 730, 100, 400, 80, 190, 230, 470, 60, 340, 550, 560, 670, 10, 130, 670]
Tardiness: 0
Energy Consumption: 1001.9729999999983
Number of generations: 120
Calculation time of this iteration (s): 17.444177627563477




ITERATION 10

BEST:
[0, 0, 6, 0, 1, 0, 5, 1, 1, 3, 6, 2, 4, 6, 3, 8, 1, 9, 3, 4, 5, 8, 7, 0, 4, 8, 4, 8, 9, 3, 9, 1, 8]
[9, 7, 1, 5, 9, 9, 9, 2, 0, 8, 5, 1, 3, 2, 0, 7, 4, 8, 6, 7, 4, 1, 1, 2, 1, 0, 3, 2, 1, 4, 0, 9, 9]
[0, 10, 30, 80, 290, 10, 60, 120, 130, 370, 80, 0, 150, 340, 450, 0, 240, 430, 520, 290, 370, 0, 80, 190, 290, 30, 110, 340, 540, 570, 150, 520, 570]
[10, 30, 80, 290, 460, 60, 120, 130, 370, 570, 110, 150, 340, 450, 490, 240, 430, 520, 690, 330, 400, 80, 190, 230, 420, 60, 290, 540, 550, 670, 160, 570, 690]
Tardiness: 0
Energy Consumption: 965.8901666666728
Number of generations: 118
Calculation time of this iteration (s): 16.852360486984253




SUMMARY


GLOBAL BEST:
[0, 0, 1, 8, 0, 1, 6, 8, 1, 2, 6, 7, 4, 9, 0, 3, 5, 4, 1, 6, 3, 5, 3, 0, 4, 8, 8, 4, 9, 3, 9, 1, 8]
[9, 7, 9, 7, 5, 2, 1, 1, 0, 1, 5, 1, 3, 8, 9, 8, 9, 7, 4, 2, 0, 4, 6, 2, 1, 0, 2, 3, 1, 4, 0, 9, 9]
[0, 10, 30, 80, 290, 10, 60, 120, 130, 370, 260, 10, 160, 350, 460, 0, 240, 430, 520, 290, 370, 0, 80, 190, 290, 30, 80, 350, 550, 570, 0, 520, 570]
[10, 30, 80, 290, 460, 60, 120, 130, 370, 570, 290, 160, 350, 460, 500, 240, 430, 520, 690, 330, 400, 80, 190, 230, 420, 60, 260, 550, 560, 670, 10, 570, 690]
Tardiness: 0
Energy Consumption: 950.4803333333324


Total execution time (s)
207.9952199459076
