
ITERATION 1

BEST:
[1, 7, 1, 5, 5, 3, 2, 2, 7, 3, 6, 7, 6, 4, 3, 4, 4, 4, 7, 6, 6, 4, 6, 0, 3]
[8, 5, 0, 8, 0, 2, 1, 8, 1, 3, 2, 4, 1, 5, 0, 8, 1, 6, 6, 7, 8, 5, 7, 0, 2]
[290, 0, 10, 0, 120, 0, 30, 170, 290, 40, 230, 310, 320, 350, 10, 50, 30, 270, 310, 410, 480, 0, 120, 150, 390]
[400, 10, 50, 120, 130, 30, 170, 290, 440, 230, 270, 320, 350, 540, 40, 130, 270, 310, 410, 480, 510, 40, 150, 390, 550]
Tardiness: 0
Energy Consumption: 630.1418333333379
Number of generations: 142
Calculation time of this iteration (s): 14.343968868255615




ITERATION 2

BEST:
[2, 7, 1, 5, 1, 5, 6, 7, 0, 4, 3, 7, 2, 3, 3, 3, 4, 6, 4, 6, 6, 6, 7, 4, 4]
[1, 5, 8, 8, 0, 0, 3, 1, 0, 5, 2, 4, 8, 3, 0, 2, 8, 1, 1, 7, 8, 6, 6, 3, 0]
[130, 0, 10, 0, 120, 0, 50, 240, 360, 40, 230, 270, 280, 370, 10, 50, 0, 150, 190, 290, 360, 0, 120, 150, 390]
[240, 10, 50, 120, 130, 30, 190, 360, 510, 230, 270, 280, 370, 530, 40, 130, 50, 190, 290, 360, 380, 40, 150, 390, 550]
Tardiness: 0
Energy Consumption: 584.0248333333313
Number of generations: 120
Calculation time of this iteration (s): 11.588580846786499




ITERATION 3

BEST:
[1, 7, 3, 7, 6, 7, 2, 1, 5, 4, 2, 5, 0, 3, 4, 3, 7, 6, 4, 4, 6, 6, 3, 6, 4]
[8, 5, 2, 1, 0, 4, 1, 0, 8, 5, 8, 0, 0, 3, 8, 0, 6, 1, 1, 3, 7, 8, 2, 6, 5]
[140, 0, 20, 70, 190, 0, 30, 250, 370, 40, 230, 270, 280, 370, 10, 60, 0, 190, 230, 330, 470, 0, 40, 70, 310]
[250, 10, 60, 190, 200, 30, 170, 370, 520, 230, 270, 280, 370, 560, 40, 140, 20, 230, 330, 400, 490, 40, 70, 310, 470]
Tardiness: 0
Energy Consumption: 636.8900000000035
Number of generations: 85
Calculation time of this iteration (s): 8.282896280288696




ITERATION 4

BEST:
[2, 1, 1, 0, 7, 3, 5, 7, 6, 3, 6, 5, 2, 4, 7, 6, 3, 4, 4, 7, 6, 3, 6, 4, 4]
[1, 8, 0, 4, 5, 2, 8, 1, 3, 3, 1, 0, 8, 5, 4, 7, 0, 8, 1, 6, 8, 2, 7, 3, 0]
[0, 0, 10, 0, 120, 0, 50, 190, 310, 40, 230, 270, 280, 370, 10, 50, 0, 150, 190, 290, 360, 0, 120, 150, 390]
[130, 10, 50, 120, 130, 30, 190, 310, 460, 230, 270, 280, 370, 530, 40, 130, 50, 190, 290, 360, 390, 40, 150, 390, 550]
Tardiness: 0
Energy Consumption: 620.1711666666629
Number of generations: 108
Calculation time of this iteration (s): 10.560016870498657




ITERATION 5

BEST:
[2, 1, 1, 6, 7, 3, 3, 7, 5, 4, 7, 5, 2, 0, 6, 7, 4, 3, 6, 3, 4, 6, 6, 4, 4]
[1, 8, 0, 3, 5, 2, 3, 1, 8, 5, 4, 0, 8, 0, 1, 6, 8, 0, 7, 2, 5, 8, 7, 3, 5]
[130, 0, 10, 0, 120, 0, 50, 240, 360, 40, 230, 270, 280, 370, 10, 50, 0, 150, 190, 290, 360, 0, 120, 150, 390]
[240, 10, 50, 120, 130, 30, 190, 360, 510, 230, 270, 280, 370, 560, 40, 130, 50, 190, 290, 360, 390, 40, 150, 390, 550]
Tardiness: 0
Energy Consumption: 628.1535000000054
Number of generations: 113
Calculation time of this iteration (s): 10.724315404891968




ITERATION 6

BEST:
[2, 1, 1, 5, 5, 7, 0, 7, 6, 4, 6, 3, 2, 3, 7, 6, 4, 3, 4, 7, 6, 3, 6, 4, 4]
[1, 8, 3, 8, 0, 5, 0, 1, 3, 5, 1, 2, 8, 3, 4, 7, 8, 0, 1, 6, 8, 2, 7, 3, 0]
[120, 0, 10, 0, 120, 0, 110, 250, 370, 40, 230, 270, 280, 370, 10, 40, 60, 150, 190, 290, 360, 0, 120, 150, 390]
[230, 10, 60, 120, 130, 30, 250, 370, 520, 230, 270, 280, 370, 530, 40, 120, 110, 190, 290, 360, 390, 40, 150, 390, 550]
Tardiness: 0
Energy Consumption: 598.691833333329
Number of generations: 110
Calculation time of this iteration (s): 10.36032772064209




ITERATION 7

BEST:
[2, 7, 3, 7, 1, 1, 5, 6, 3, 4, 2, 5, 6, 0, 3, 6, 4, 3, 4, 4, 7, 6, 6, 7, 4]
[1, 5, 2, 1, 8, 0, 8, 3, 3, 5, 8, 0, 1, 0, 0, 7, 8, 2, 1, 6, 4, 8, 7, 6, 0]
[130, 0, 10, 0, 120, 0, 50, 240, 360, 40, 230, 270, 280, 360, 10, 50, 0, 150, 190, 290, 360, 0, 120, 150, 390]
[240, 10, 50, 120, 130, 30, 190, 360, 510, 230, 270, 280, 310, 520, 40, 130, 50, 190, 290, 360, 390, 40, 150, 390, 550]
Tardiness: 0
Energy Consumption: 594.4393333333304
Number of generations: 94
Calculation time of this iteration (s): 8.988025665283203




ITERATION 8

BEST:
[2, 1, 1, 5, 5, 7, 6, 2, 0, 4, 4, 3, 7, 3, 7, 7, 6, 3, 4, 6, 6, 3, 6, 4, 4]
[1, 8, 0, 8, 0, 5, 3, 8, 0, 5, 8, 2, 1, 3, 4, 6, 1, 0, 1, 7, 8, 2, 7, 3, 0]
[130, 0, 10, 0, 120, 0, 50, 240, 360, 40, 230, 270, 280, 370, 10, 50, 0, 150, 190, 290, 360, 0, 120, 150, 390]
[240, 10, 50, 120, 130, 30, 190, 360, 510, 230, 270, 280, 370, 530, 40, 130, 50, 190, 290, 360, 390, 40, 150, 390, 550]
Tardiness: 0
Energy Consumption: 595.8213333333306
Number of generations: 104
Calculation time of this iteration (s): 9.674972772598267




ITERATION 9

BEST:
[2, 7, 1, 6, 7, 3, 3, 1, 5, 4, 7, 5, 3, 2, 6, 6, 4, 3, 4, 4, 6, 6, 4, 0, 7]
[1, 5, 8, 3, 1, 2, 3, 0, 8, 5, 4, 0, 0, 7, 1, 7, 8, 2, 1, 6, 8, 7, 1, 0, 6]
[310, 0, 10, 0, 120, 0, 50, 190, 310, 40, 230, 270, 280, 310, 10, 50, 0, 150, 230, 330, 400, 0, 120, 150, 390]
[420, 10, 50, 120, 230, 30, 190, 310, 460, 230, 270, 280, 310, 510, 40, 130, 50, 190, 330, 400, 430, 40, 150, 390, 550]
Tardiness: 0
Energy Consumption: 585.3431666666703
Number of generations: 132
Calculation time of this iteration (s): 12.93185806274414




ITERATION 10

BEST:
[6, 1, 1, 2, 7, 3, 5, 0, 7, 4, 6, 2, 4, 3, 5, 6, 7, 3, 4, 3, 6, 6, 7, 4, 4]
[3, 8, 0, 1, 5, 2, 8, 4, 1, 5, 1, 8, 8, 3, 0, 7, 4, 0, 1, 2, 8, 7, 6, 3, 0]
[0, 0, 10, 0, 120, 0, 50, 190, 310, 40, 230, 270, 280, 370, 10, 50, 0, 150, 190, 290, 360, 0, 120, 150, 390]
[130, 10, 50, 120, 130, 30, 190, 310, 460, 230, 270, 280, 370, 530, 40, 130, 50, 190, 290, 360, 390, 40, 150, 390, 550]
Tardiness: 0
Energy Consumption: 625.6458333333317
Number of generations: 62
Calculation time of this iteration (s): 6.242232322692871




SUMMARY


GLOBAL BEST:
[2, 7, 1, 5, 1, 5, 6, 7, 0, 4, 3, 7, 2, 3, 3, 3, 4, 6, 4, 6, 6, 6, 7, 4, 4]
[1, 5, 8, 8, 0, 0, 3, 1, 0, 5, 2, 4, 8, 3, 0, 2, 8, 1, 1, 7, 8, 6, 6, 3, 0]
[130, 0, 10, 0, 120, 0, 50, 240, 360, 40, 230, 270, 280, 370, 10, 50, 0, 150, 190, 290, 360, 0, 120, 150, 390]
[240, 10, 50, 120, 130, 30, 190, 360, 510, 230, 270, 280, 370, 530, 40, 130, 50, 190, 290, 360, 380, 40, 150, 390, 550]
Tardiness: 0
Energy Consumption: 584.0248333333313


Total execution time (s)
103.697194814682
