
ITERATION 1

BEST:
[7, 3, 1, 1, 5, 4, 1, 1, 5, 0, 0, 2, 5, 6, 6, 6, 6, 0, 1, 2, 6, 0, 5]
[7, 8, 4, 0, 6, 0, 3, 0, 7, 6, 8, 7, 3, 0, 6, 1, 6, 1, 4, 1, 8, 3, 7]
[180, 280, 420, 490, 0, 30, 40, 120, 190, 220, 490, 0, 40, 0, 180, 220, 420, 190, 310, 330, 350, 420, 0]
[280, 420, 490, 550, 30, 40, 80, 190, 280, 420, 500, 230, 120, 180, 220, 370, 660, 310, 330, 350, 400, 530, 140]
Tardiness: 0
Energy Consumption: 572.2476666666719
Number of generations: 92
Calculation time of this iteration (s): 9.189899444580078




ITERATION 2

BEST:
[7, 3, 1, 1, 1, 4, 5, 1, 0, 0, 1, 0, 5, 6, 2, 5, 5, 2, 6, 6, 0, 6, 6]
[7, 8, 4, 0, 3, 0, 6, 0, 6, 8, 4, 1, 7, 0, 6, 3, 7, 1, 6, 3, 3, 6, 5]
[180, 280, 420, 490, 0, 30, 40, 120, 190, 280, 490, 0, 40, 0, 180, 220, 370, 190, 410, 430, 490, 540, 0]
[280, 420, 490, 550, 30, 40, 80, 190, 280, 410, 500, 230, 120, 180, 220, 370, 610, 310, 430, 490, 540, 670, 140]
Tardiness: 0
Energy Consumption: 650.2973333333329
Number of generations: 97
Calculation time of this iteration (s): 9.776615142822266




ITERATION 3

BEST:
[7, 3, 1, 1, 1, 5, 1, 0, 2, 5, 0, 6, 2, 5, 6, 6, 6, 0, 1, 4, 6, 0, 5]
[7, 8, 4, 0, 3, 2, 5, 6, 6, 7, 8, 0, 1, 3, 6, 1, 6, 1, 4, 0, 8, 3, 7]
[0, 230, 370, 440, 0, 30, 40, 80, 260, 100, 230, 0, 160, 0, 230, 270, 420, 40, 230, 250, 270, 370, 0]
[100, 370, 440, 500, 30, 40, 80, 260, 350, 230, 240, 230, 240, 230, 270, 420, 660, 160, 250, 270, 320, 480, 140]
Tardiness: 62
Energy Consumption: 634.3366666666655
Number of generations: 104
Calculation time of this iteration (s): 10.350693702697754




ITERATION 4

BEST:
[7, 6, 1, 1, 3, 4, 1, 5, 1, 0, 0, 5, 5, 2, 2, 5, 0, 0, 1, 6, 6, 6, 6]
[7, 2, 4, 0, 1, 0, 3, 6, 0, 6, 8, 1, 3, 7, 1, 7, 5, 3, 4, 4, 1, 6, 8]
[180, 280, 420, 500, 0, 30, 40, 120, 190, 140, 340, 0, 40, 0, 180, 300, 450, 0, 280, 350, 370, 420, 0]
[280, 420, 500, 560, 30, 40, 80, 190, 280, 340, 350, 160, 120, 180, 300, 450, 690, 210, 290, 370, 420, 530, 140]
Tardiness: 0
Energy Consumption: 653.9249999999947
Number of generations: 97
Calculation time of this iteration (s): 10.135639190673828




ITERATION 5

BEST:
[7, 3, 1, 1, 1, 4, 5, 0, 2, 5, 0, 6, 1, 0, 2, 5, 5, 0, 6, 1, 6, 6, 6]
[7, 8, 4, 0, 3, 0, 6, 6, 6, 7, 8, 2, 5, 1, 1, 3, 7, 3, 4, 4, 2, 6, 8]
[180, 280, 420, 490, 0, 30, 40, 80, 260, 280, 490, 0, 40, 0, 180, 220, 370, 0, 210, 220, 410, 460, 0]
[280, 420, 490, 550, 30, 40, 80, 260, 350, 410, 500, 230, 120, 180, 220, 370, 610, 210, 220, 260, 460, 570, 140]
Tardiness: 62
Energy Consumption: 652.2420000000011
Number of generations: 90
Calculation time of this iteration (s): 9.786069869995117




ITERATION 6

BEST:
[5, 7, 1, 1, 1, 1, 2, 5, 2, 0, 4, 6, 6, 3, 6, 5, 6, 5, 1, 0, 6, 0, 0]
[6, 7, 4, 0, 3, 0, 3, 1, 1, 6, 0, 7, 6, 8, 1, 3, 6, 7, 4, 8, 8, 1, 3]
[180, 280, 420, 490, 0, 30, 40, 80, 150, 80, 300, 0, 150, 0, 180, 300, 450, 140, 380, 400, 420, 470, 0]
[280, 420, 490, 550, 30, 40, 80, 150, 240, 280, 310, 230, 230, 180, 300, 450, 690, 380, 400, 420, 470, 580, 140]
Tardiness: 0
Energy Consumption: 644.5738333333402
Number of generations: 104
Calculation time of this iteration (s): 11.173557758331299




ITERATION 7

BEST:
[3, 5, 1, 7, 4, 2, 1, 1, 6, 6, 5, 0, 5, 1, 2, 1, 6, 6, 6, 5, 0, 0, 0]
[1, 6, 4, 7, 4, 7, 0, 3, 2, 6, 0, 6, 3, 8, 1, 4, 1, 6, 3, 7, 8, 5, 3]
[230, 330, 470, 550, 0, 30, 40, 80, 300, 140, 340, 0, 30, 0, 180, 300, 450, 0, 210, 350, 370, 450, 0]
[330, 470, 550, 610, 30, 40, 80, 300, 390, 340, 350, 160, 210, 180, 300, 450, 690, 210, 230, 370, 420, 550, 140]
Tardiness: 102
Energy Consumption: 1025.0775000000124
Number of generations: 32
Calculation time of this iteration (s): 3.810981512069702




ITERATION 8

BEST:
[5, 6, 1, 1, 4, 6, 3, 6, 1, 7, 1, 0, 5, 2, 2, 5, 5, 6, 6, 1, 0, 0, 0]
[6, 2, 4, 0, 0, 6, 1, 2, 3, 7, 0, 6, 7, 7, 5, 3, 7, 6, 3, 4, 8, 5, 3]
[230, 330, 480, 560, 0, 30, 40, 120, 190, 220, 420, 0, 40, 0, 180, 220, 420, 0, 210, 230, 330, 380, 0]
[330, 470, 560, 620, 30, 40, 80, 190, 280, 420, 480, 160, 120, 180, 220, 370, 660, 210, 230, 270, 380, 480, 140]
Tardiness: 0
Energy Consumption: 697.3506666666772
Number of generations: 73
Calculation time of this iteration (s): 7.900835990905762




ITERATION 9

BEST:
[7, 3, 1, 1, 5, 4, 1, 1, 5, 5, 1, 0, 2, 5, 0, 6, 0, 0, 2, 6, 6, 6, 6]
[7, 8, 4, 0, 6, 0, 3, 0, 7, 3, 4, 6, 6, 7, 8, 2, 5, 3, 1, 4, 1, 6, 3]
[180, 280, 420, 500, 0, 30, 40, 120, 190, 280, 410, 0, 40, 0, 180, 220, 370, 0, 280, 420, 440, 560, 0]
[280, 420, 500, 560, 30, 40, 80, 190, 280, 410, 420, 230, 120, 180, 220, 370, 610, 210, 290, 440, 490, 660, 140]
Tardiness: 0
Energy Consumption: 642.9598333333367
Number of generations: 98
Calculation time of this iteration (s): 10.91134238243103




ITERATION 10

BEST:
[7, 3, 1, 1, 5, 4, 0, 1, 5, 5, 0, 2, 2, 0, 1, 6, 5, 0, 1, 6, 6, 6, 6]
[7, 8, 4, 0, 6, 0, 6, 4, 7, 3, 8, 7, 1, 1, 0, 0, 7, 3, 4, 6, 2, 6, 8]
[180, 280, 430, 500, 0, 30, 40, 230, 300, 220, 420, 0, 40, 0, 180, 220, 420, 300, 420, 440, 480, 530, 0]
[280, 420, 500, 560, 30, 40, 230, 300, 390, 420, 430, 230, 120, 180, 220, 370, 660, 420, 440, 480, 530, 640, 140]
Tardiness: 102
Energy Consumption: 638.9656666666692
Number of generations: 86
Calculation time of this iteration (s): 9.18687891960144




SUMMARY


GLOBAL BEST:
[7, 3, 1, 1, 5, 4, 1, 1, 5, 0, 0, 2, 5, 6, 6, 6, 6, 0, 1, 2, 6, 0, 5]
[7, 8, 4, 0, 6, 0, 3, 0, 7, 6, 8, 7, 3, 0, 6, 1, 6, 1, 4, 1, 8, 3, 7]
[180, 280, 420, 490, 0, 30, 40, 120, 190, 220, 490, 0, 40, 0, 180, 220, 420, 190, 310, 330, 350, 420, 0]
[280, 420, 490, 550, 30, 40, 80, 190, 280, 420, 500, 230, 120, 180, 220, 370, 660, 310, 330, 350, 400, 530, 140]
Tardiness: 0
Energy Consumption: 572.2476666666719


Total execution time (s)
92.22251391410828
