
ITERATION 8


BEST:
[8, 4, 2, 8, 9, 4, 3, 1, 0, 6, 7, 0, 4, 3, 1, 6, 3, 5, 4, 2, 1, 7, 6, 5, 6, 3, 0, 6, 7, 4, 3]
[9, 8, 0, 6, 5, 4, 1, 5, 2, 9, 9, 3, 8, 6, 9, 7, 0, 1, 4, 6, 7, 5, 4, 3, 0, 2, 8, 9, 3, 3, 0]
[0, 130, 190, 40, 190, 250, 0, 230, 0, 150, 230, 300, 330, 0, 20, 30, 40, 420, 30, 190, 30, 50, 170, 300, 310, 50, 190, 370, 0, 30, 0]
[130, 190, 360, 190, 250, 370, 230, 400, 30, 210, 300, 330, 480, 20, 30, 40, 170, 480, 110, 370, 50, 130, 290, 310, 420, 60, 280, 420, 30, 150, 40]
Tardiness: 12
Energy Consumption: 516.8066666666756
Number of generations: 90
Calculation time of this iteration (s): 10.305618047714233
