
ITERATION 1

BEST:
[0, 2, 4, 4, 1, 3, 2, 4, 0, 1, 5, 0, 4, 0, 4, 2, 5, 3]
[2, 2, 4, 1, 4, 0, 0, 3, 1, 2, 3, 0, 4, 1, 0, 3, 1, 2]
[0, 50, 240, 310, 30, 160, 40, 110, 270, 0, 170, 0, 30, 50, 170, 370, 170, 330]
[40, 240, 310, 330, 160, 170, 110, 210, 280, 100, 390, 30, 50, 170, 370, 440, 270, 400]
Tardiness: 0
Energy Consumption: 372.7588333333314
Number of generations: 125
Calculation time of this iteration (s): 8.993458271026611




ITERATION 2

BEST:
[4, 1, 3, 0, 2, 4, 2, 4, 0, 1, 5, 4, 0, 2, 0, 5, 4, 3]
[4, 4, 3, 2, 2, 1, 0, 3, 1, 2, 3, 4, 0, 2, 1, 1, 0, 2]
[0, 50, 240, 310, 30, 160, 40, 110, 210, 0, 230, 0, 30, 90, 210, 410, 210, 330]
[40, 240, 310, 330, 160, 170, 110, 210, 230, 90, 450, 30, 50, 210, 410, 480, 310, 400]
Tardiness: 0
Energy Consumption: 350.5099999999987
Number of generations: 102
Calculation time of this iteration (s): 6.588156223297119




ITERATION 3

BEST:
[0, 2, 4, 4, 1, 3, 2, 4, 0, 1, 5, 5, 0, 2, 0, 4, 4, 3]
[2, 2, 4, 1, 4, 1, 0, 3, 1, 2, 3, 1, 0, 2, 1, 4, 0, 2]
[0, 120, 310, 380, 30, 160, 40, 110, 210, 50, 230, 0, 30, 50, 170, 380, 170, 310]
[40, 310, 380, 400, 160, 170, 110, 210, 230, 120, 450, 30, 50, 170, 370, 450, 270, 380]
Tardiness: 0
Energy Consumption: 363.335499999999
Number of generations: 83
Calculation time of this iteration (s): 5.5566112995147705




ITERATION 4

BEST:
[3, 1, 4, 0, 2, 4, 1, 4, 0, 2, 5, 0, 4, 5, 0, 2, 4, 3]
[1, 4, 3, 2, 2, 1, 2, 3, 1, 0, 3, 0, 4, 1, 1, 2, 0, 2]
[0, 90, 280, 380, 0, 130, 40, 110, 210, 0, 230, 0, 70, 90, 210, 410, 210, 310]
[40, 280, 350, 400, 130, 140, 110, 210, 230, 70, 450, 60, 90, 210, 410, 480, 310, 380]
Tardiness: 0
Energy Consumption: 380.79150000000027
Number of generations: 94
Calculation time of this iteration (s): 6.789663553237915




ITERATION 5

BEST:
[0, 2, 4, 4, 1, 3, 2, 4, 0, 1, 5, 0, 4, 5, 0, 2, 4, 3]
[2, 2, 4, 1, 4, 1, 0, 3, 1, 2, 3, 0, 4, 1, 1, 2, 0, 2]
[0, 120, 310, 380, 30, 160, 40, 110, 210, 50, 230, 0, 30, 50, 170, 380, 170, 310]
[40, 310, 380, 400, 160, 170, 110, 210, 230, 120, 450, 30, 50, 170, 370, 450, 270, 380]
Tardiness: 0
Energy Consumption: 356.5250000000001
Number of generations: 100
Calculation time of this iteration (s): 7.907232284545898




ITERATION 6

BEST:
[0, 2, 4, 4, 1, 3, 2, 4, 0, 1, 5, 0, 4, 5, 0, 2, 3, 4]
[2, 2, 4, 1, 4, 1, 0, 3, 1, 2, 3, 0, 4, 1, 1, 3, 2, 0]
[0, 120, 310, 380, 30, 160, 40, 110, 270, 50, 170, 0, 30, 50, 170, 380, 170, 310]
[40, 310, 380, 400, 160, 170, 110, 210, 280, 120, 390, 30, 50, 170, 370, 450, 270, 380]
Tardiness: 0
Energy Consumption: 370.669500000002
Number of generations: 93
Calculation time of this iteration (s): 7.123736381530762




ITERATION 7

BEST:
[3, 1, 4, 0, 2, 4, 1, 5, 0, 3, 4, 2, 0, 5, 0, 4, 4, 2]
[1, 4, 0, 2, 2, 1, 2, 3, 1, 2, 3, 0, 0, 1, 1, 4, 0, 3]
[0, 120, 310, 380, 0, 130, 40, 110, 240, 0, 140, 0, 100, 120, 240, 440, 0, 310]
[40, 310, 380, 400, 130, 140, 110, 210, 250, 70, 360, 100, 120, 240, 440, 510, 100, 380]
Tardiness: 0
Energy Consumption: 410.8295000000017
Number of generations: 100
Calculation time of this iteration (s): 7.67242169380188




ITERATION 8

BEST:
[0, 2, 4, 3, 1, 4, 1, 4, 0, 2, 5, 4, 0, 2, 4, 5, 0, 3]
[2, 2, 4, 1, 4, 1, 2, 3, 1, 0, 3, 4, 0, 2, 0, 1, 1, 2]
[0, 90, 280, 380, 30, 160, 40, 110, 210, 0, 230, 0, 70, 90, 210, 410, 210, 310]
[40, 280, 350, 400, 160, 170, 110, 210, 230, 70, 450, 30, 90, 210, 410, 480, 310, 380]
Tardiness: 0
Energy Consumption: 361.566333333331
Number of generations: 85
Calculation time of this iteration (s): 6.423243522644043




ITERATION 9

BEST:
[3, 1, 4, 0, 2, 4, 1, 5, 0, 3, 4, 2, 0, 5, 0, 4, 4, 2]
[1, 4, 0, 2, 2, 1, 2, 3, 1, 2, 3, 0, 0, 1, 1, 4, 0, 3]
[0, 120, 310, 380, 0, 130, 40, 110, 240, 0, 140, 0, 100, 120, 240, 440, 0, 310]
[40, 310, 380, 400, 130, 140, 110, 210, 250, 70, 360, 100, 120, 240, 440, 510, 100, 380]
Tardiness: 0
Energy Consumption: 410.8295000000017
Number of generations: 89
Calculation time of this iteration (s): 6.66052770614624




ITERATION 10

BEST:
[0, 2, 4, 3, 1, 4, 2, 5, 0, 1, 4, 2, 4, 0, 5, 3, 4, 0]
[2, 2, 4, 0, 4, 1, 0, 3, 1, 2, 3, 2, 4, 3, 0, 2, 0, 1]
[0, 50, 240, 390, 30, 160, 40, 110, 210, 0, 230, 0, 30, 100, 220, 420, 0, 210]
[40, 240, 390, 410, 160, 170, 110, 210, 230, 100, 450, 30, 50, 220, 420, 490, 100, 370]
Tardiness: 0
Energy Consumption: 382.1036666666638
Number of generations: 139
Calculation time of this iteration (s): 10.821250438690186




SUMMARY


GLOBAL BEST:
[4, 1, 3, 0, 2, 4, 2, 4, 0, 1, 5, 4, 0, 2, 0, 5, 4, 3]
[4, 4, 3, 2, 2, 1, 0, 3, 1, 2, 3, 4, 0, 2, 1, 1, 0, 2]
[0, 50, 240, 310, 30, 160, 40, 110, 210, 0, 230, 0, 30, 90, 210, 410, 210, 330]
[40, 240, 310, 330, 160, 170, 110, 210, 230, 90, 450, 30, 50, 210, 410, 480, 310, 400]
Tardiness: 0
Energy Consumption: 350.5099999999987


Total execution time (s)
74.53630137443542
