
ITERATION 1

BEST:
[0, 3, 7, 6, 6, 7, 1, 3, 1, 2, 3, 7, 5, 0, 4, 7, 0, 3, 2, 7, 6, 6, 0]
[5, 8, 6, 7, 5, 5, 2, 7, 5, 6, 8, 6, 1, 7, 0, 8, 4, 2, 4, 4, 7, 6, 3]
[0, 230, 330, 400, 0, 240, 160, 400, 0, 150, 230, 260, 0, 0, 0, 190, 330, 460, 0, 210, 240, 460, 570]
[190, 330, 400, 480, 160, 400, 240, 410, 80, 230, 260, 280, 50, 180, 150, 210, 440, 600, 160, 240, 460, 570, 740]
Tardiness: 0
Energy Consumption: 655.6730000000027
Number of generations: 106
Calculation time of this iteration (s): 11.03598952293396




ITERATION 2

BEST:
[0, 3, 7, 1, 7, 4, 6, 3, 5, 2, 3, 7, 7, 0, 6, 1, 0, 3, 2, 7, 6, 6, 0]
[5, 8, 6, 2, 5, 0, 7, 7, 1, 6, 8, 6, 8, 7, 5, 5, 4, 2, 4, 4, 7, 6, 3]
[0, 230, 330, 400, 0, 240, 160, 400, 0, 150, 230, 260, 0, 0, 0, 220, 330, 460, 0, 190, 240, 460, 570]
[190, 330, 400, 480, 160, 400, 240, 410, 80, 230, 260, 280, 50, 180, 150, 240, 440, 600, 160, 220, 460, 570, 740]
Tardiness: 0
Energy Consumption: 660.4140000000008
Number of generations: 119
Calculation time of this iteration (s): 11.877350807189941




ITERATION 3

BEST:
[0, 3, 5, 7, 7, 4, 6, 3, 1, 2, 3, 7, 1, 0, 6, 7, 0, 3, 2, 7, 6, 6, 0]
[5, 8, 1, 6, 5, 0, 7, 7, 2, 6, 8, 6, 1, 7, 5, 8, 4, 2, 4, 4, 7, 6, 3]
[0, 230, 330, 400, 0, 180, 160, 400, 0, 150, 230, 260, 0, 0, 0, 220, 330, 460, 0, 190, 240, 460, 570]
[190, 330, 400, 480, 160, 360, 240, 410, 80, 230, 260, 280, 50, 180, 150, 240, 440, 600, 160, 220, 460, 570, 740]
Tardiness: 0
Energy Consumption: 666.6850000000006
Number of generations: 120
Calculation time of this iteration (s): 12.228536605834961




ITERATION 4

BEST:
[3, 6, 5, 7, 4, 0, 2, 3, 1, 7, 3, 7, 1, 0, 6, 7, 0, 2, 3, 7, 6, 6, 0]
[8, 7, 1, 6, 0, 5, 6, 7, 2, 5, 8, 6, 1, 7, 5, 8, 4, 4, 2, 4, 7, 6, 3]
[0, 230, 330, 400, 0, 180, 160, 400, 0, 150, 230, 260, 0, 0, 0, 220, 330, 460, 0, 190, 240, 460, 570]
[190, 330, 400, 480, 160, 360, 240, 410, 80, 230, 260, 280, 50, 180, 150, 240, 440, 600, 160, 220, 460, 570, 740]
Tardiness: 0
Energy Consumption: 675.963333333334
Number of generations: 69
Calculation time of this iteration (s): 7.404231309890747




ITERATION 5

BEST:
[0, 6, 5, 7, 6, 3, 2, 3, 1, 0, 1, 3, 0, 7, 6, 7, 6, 4, 3, 7, 2, 7, 0]
[5, 7, 1, 6, 5, 8, 6, 7, 2, 7, 1, 8, 4, 5, 7, 6, 6, 0, 2, 8, 4, 4, 3]
[0, 230, 330, 400, 0, 180, 160, 400, 0, 150, 230, 260, 0, 0, 0, 190, 330, 460, 0, 210, 240, 460, 570]
[190, 330, 400, 480, 160, 360, 240, 410, 80, 230, 260, 280, 50, 180, 150, 210, 440, 600, 160, 240, 460, 570, 740]
Tardiness: 0
Energy Consumption: 690.660333333333
Number of generations: 106
Calculation time of this iteration (s): 10.706637859344482




ITERATION 6

BEST:
[0, 6, 7, 3, 7, 2, 6, 3, 1, 1, 3, 7, 5, 0, 3, 7, 0, 2, 6, 7, 4, 6, 0]
[5, 7, 6, 8, 5, 6, 5, 7, 2, 5, 8, 6, 1, 7, 2, 8, 4, 4, 7, 4, 0, 6, 3]
[0, 230, 330, 400, 0, 240, 160, 400, 0, 150, 230, 260, 0, 0, 0, 220, 330, 460, 0, 190, 240, 460, 570]
[190, 330, 400, 480, 160, 400, 240, 410, 80, 230, 260, 280, 50, 180, 150, 240, 440, 600, 160, 220, 460, 570, 740]
Tardiness: 0
Energy Consumption: 664.8621666666716
Number of generations: 97
Calculation time of this iteration (s): 9.830524921417236




ITERATION 7

BEST:
[0, 6, 7, 3, 7, 6, 2, 3, 1, 5, 1, 7, 3, 0, 4, 0, 7, 3, 2, 7, 6, 6, 0]
[5, 7, 6, 8, 5, 5, 6, 7, 2, 1, 5, 6, 8, 7, 0, 4, 8, 2, 4, 4, 7, 6, 3]
[0, 230, 330, 400, 0, 240, 160, 400, 0, 150, 230, 260, 0, 0, 0, 220, 330, 460, 0, 190, 240, 460, 570]
[190, 330, 400, 480, 160, 400, 240, 410, 80, 230, 260, 280, 50, 180, 150, 240, 440, 600, 160, 220, 460, 570, 740]
Tardiness: 0
Energy Consumption: 670.0448333333304
Number of generations: 80
Calculation time of this iteration (s): 8.165483236312866




ITERATION 8

BEST:
[4, 6, 7, 1, 0, 7, 2, 7, 5, 3, 3, 3, 7, 0, 6, 0, 1, 3, 2, 7, 6, 6, 0]
[0, 7, 6, 2, 5, 5, 6, 6, 1, 8, 7, 8, 8, 7, 5, 4, 5, 2, 4, 4, 7, 6, 3]
[0, 230, 330, 400, 0, 240, 160, 400, 0, 150, 230, 260, 0, 0, 0, 220, 330, 460, 0, 190, 240, 460, 570]
[190, 330, 400, 480, 160, 400, 240, 410, 80, 230, 260, 280, 50, 180, 150, 240, 440, 600, 160, 220, 460, 570, 740]
Tardiness: 0
Energy Consumption: 661.6105000000023
Number of generations: 106
Calculation time of this iteration (s): 10.890512943267822




ITERATION 9

BEST:
[0, 3, 7, 6, 4, 7, 1, 3, 5, 2, 3, 7, 7, 0, 6, 0, 1, 3, 2, 7, 6, 6, 0]
[5, 8, 6, 7, 0, 5, 2, 7, 1, 6, 8, 6, 8, 7, 5, 4, 5, 2, 4, 4, 7, 6, 3]
[0, 230, 330, 400, 0, 240, 160, 400, 0, 150, 230, 260, 0, 0, 0, 220, 330, 460, 0, 190, 240, 460, 570]
[190, 330, 400, 480, 160, 400, 240, 410, 80, 230, 260, 280, 50, 180, 150, 240, 440, 600, 160, 220, 460, 570, 740]
Tardiness: 0
Energy Consumption: 660.5583333333334
Number of generations: 155
Calculation time of this iteration (s): 15.29780101776123




ITERATION 10

BEST:
[0, 3, 7, 5, 7, 4, 2, 7, 1, 6, 3, 3, 1, 0, 3, 7, 0, 2, 6, 7, 6, 6, 0]
[5, 8, 6, 1, 5, 0, 6, 6, 2, 7, 7, 8, 1, 7, 2, 8, 4, 4, 5, 4, 7, 6, 3]
[0, 230, 330, 400, 0, 180, 160, 400, 0, 150, 230, 260, 0, 0, 0, 220, 330, 460, 0, 190, 240, 460, 570]
[190, 330, 400, 480, 160, 360, 240, 410, 80, 230, 260, 280, 50, 180, 150, 240, 440, 600, 160, 220, 460, 570, 740]
Tardiness: 0
Energy Consumption: 667.5960000000009
Number of generations: 117
Calculation time of this iteration (s): 11.64740252494812




SUMMARY


GLOBAL BEST:
[0, 3, 7, 6, 6, 7, 1, 3, 1, 2, 3, 7, 5, 0, 4, 7, 0, 3, 2, 7, 6, 6, 0]
[5, 8, 6, 7, 5, 5, 2, 7, 5, 6, 8, 6, 1, 7, 0, 8, 4, 2, 4, 4, 7, 6, 3]
[0, 230, 330, 400, 0, 240, 160, 400, 0, 150, 230, 260, 0, 0, 0, 190, 330, 460, 0, 210, 240, 460, 570]
[190, 330, 400, 480, 160, 400, 240, 410, 80, 230, 260, 280, 50, 180, 150, 210, 440, 600, 160, 240, 460, 570, 740]
Tardiness: 0
Energy Consumption: 655.6730000000027


Total execution time (s)
109.08447074890137
