
ITERATION 1

BEST:
[3, 1, 0, 4, 0, 3, 4, 1, 2, 2, 1, 3, 4, 3]
[3, 1, 3, 1, 0, 1, 4, 2, 3, 2, 0, 4, 1, 3]
[170, 180, 0, 100, 310, 180, 350, 0, 200, 350, 550, 100, 200, 350]
[180, 310, 100, 300, 500, 350, 420, 170, 350, 550, 710, 200, 210, 490]
Tardiness: 0
Energy Consumption: 504.11016666666444
Number of generations: 44
Calculation time of this iteration (s): 3.7321901321411133




ITERATION 2

BEST:
[3, 1, 0, 4, 0, 3, 4, 1, 2, 2, 1, 3, 4, 3]
[3, 1, 3, 1, 0, 1, 4, 2, 3, 2, 0, 4, 1, 3]
[170, 180, 0, 100, 310, 180, 350, 0, 200, 350, 550, 100, 200, 350]
[180, 310, 100, 300, 500, 350, 420, 170, 350, 550, 710, 200, 210, 490]
Tardiness: 0
Energy Consumption: 504.11016666666444
Number of generations: 51
Calculation time of this iteration (s): 4.25849175453186




ITERATION 3

BEST:
[3, 1, 0, 4, 0, 3, 4, 1, 2, 2, 1, 3, 4, 3]
[3, 1, 3, 1, 0, 1, 4, 2, 3, 2, 0, 4, 1, 3]
[170, 180, 0, 100, 310, 180, 350, 0, 200, 350, 550, 100, 200, 350]
[180, 310, 100, 300, 500, 350, 420, 170, 350, 550, 710, 200, 210, 490]
Tardiness: 0
Energy Consumption: 504.11016666666444
Number of generations: 48
Calculation time of this iteration (s): 3.9229705333709717




ITERATION 4

BEST:
[3, 1, 0, 4, 0, 3, 4, 1, 2, 2, 1, 3, 4, 3]
[3, 1, 3, 1, 0, 1, 4, 2, 3, 2, 0, 4, 1, 3]
[170, 180, 0, 100, 310, 180, 350, 0, 200, 350, 550, 100, 200, 350]
[180, 310, 100, 300, 500, 350, 420, 170, 350, 550, 710, 200, 210, 490]
Tardiness: 0
Energy Consumption: 504.11016666666444
Number of generations: 50
Calculation time of this iteration (s): 3.930657386779785




ITERATION 5

BEST:
[3, 1, 0, 4, 0, 3, 4, 1, 2, 2, 1, 3, 4, 3]
[3, 1, 3, 1, 0, 1, 4, 2, 3, 2, 0, 4, 1, 3]
[170, 180, 0, 100, 310, 180, 350, 0, 200, 350, 550, 100, 200, 350]
[180, 310, 100, 300, 500, 350, 420, 170, 350, 550, 710, 200, 210, 490]
Tardiness: 0
Energy Consumption: 504.11016666666444
Number of generations: 40
Calculation time of this iteration (s): 3.0269057750701904




ITERATION 6

BEST:
[3, 1, 0, 4, 0, 3, 4, 1, 2, 2, 1, 3, 4, 3]
[3, 1, 3, 1, 0, 1, 4, 2, 3, 2, 0, 4, 1, 3]
[170, 180, 0, 100, 310, 180, 350, 0, 200, 350, 550, 100, 200, 350]
[180, 310, 100, 300, 500, 350, 420, 170, 350, 550, 710, 200, 210, 490]
Tardiness: 0
Energy Consumption: 504.11016666666444
Number of generations: 51
Calculation time of this iteration (s): 4.104568004608154




ITERATION 7

BEST:
[3, 1, 0, 4, 0, 3, 4, 1, 2, 2, 1, 3, 4, 3]
[3, 1, 3, 1, 0, 1, 4, 2, 3, 2, 0, 4, 1, 3]
[170, 180, 0, 100, 310, 180, 350, 0, 200, 350, 550, 100, 200, 350]
[180, 310, 100, 300, 500, 350, 420, 170, 350, 550, 710, 200, 210, 490]
Tardiness: 0
Energy Consumption: 504.11016666666444
Number of generations: 48
Calculation time of this iteration (s): 3.624932289123535




ITERATION 8

BEST:
[3, 1, 0, 4, 0, 3, 4, 1, 2, 2, 1, 3, 4, 3]
[3, 1, 3, 1, 0, 1, 4, 2, 3, 2, 0, 4, 1, 3]
[170, 180, 0, 100, 310, 180, 350, 0, 200, 350, 550, 100, 200, 350]
[180, 310, 100, 300, 500, 350, 420, 170, 350, 550, 710, 200, 210, 490]
Tardiness: 0
Energy Consumption: 504.11016666666444
Number of generations: 50
Calculation time of this iteration (s): 3.857314348220825




ITERATION 9

BEST:
[3, 1, 0, 4, 0, 3, 4, 1, 2, 2, 1, 3, 4, 3]
[3, 1, 3, 1, 0, 1, 4, 2, 3, 2, 0, 4, 1, 3]
[170, 180, 0, 100, 310, 180, 350, 0, 200, 350, 550, 100, 200, 350]
[180, 310, 100, 300, 500, 350, 420, 170, 350, 550, 710, 200, 210, 490]
Tardiness: 0
Energy Consumption: 504.11016666666444
Number of generations: 51
Calculation time of this iteration (s): 4.194998741149902




ITERATION 10

BEST:
[3, 1, 0, 4, 0, 3, 4, 1, 2, 2, 1, 3, 4, 3]
[3, 1, 3, 1, 0, 1, 4, 2, 3, 2, 0, 4, 1, 3]
[170, 180, 0, 100, 310, 180, 350, 0, 200, 350, 550, 100, 200, 350]
[180, 310, 100, 300, 500, 350, 420, 170, 350, 550, 710, 200, 210, 490]
Tardiness: 0
Energy Consumption: 504.11016666666444
Number of generations: 41
Calculation time of this iteration (s): 3.167395830154419




SUMMARY


GLOBAL BEST:
[3, 1, 0, 4, 0, 3, 4, 1, 2, 2, 1, 3, 4, 3]
[3, 1, 3, 1, 0, 1, 4, 2, 3, 2, 0, 4, 1, 3]
[170, 180, 0, 100, 310, 180, 350, 0, 200, 350, 550, 100, 200, 350]
[180, 310, 100, 300, 500, 350, 420, 170, 350, 550, 710, 200, 210, 490]
Tardiness: 0
Energy Consumption: 504.11016666666444


Total execution time (s)
37.82042479515076
