
ITERATION 1

BEST:
[2, 0, 0, 0, 5, 1, 1, 0, 3, 5, 4, 2, 5, 1, 3, 3, 2]
[5, 0, 2, 4, 0, 1, 3, 2, 4, 2, 3, 1, 4, 0, 5, 3, 2]
[0, 50, 90, 110, 0, 90, 220, 0, 130, 350, 110, 350, 440, 220, 50, 300, 350]
[50, 90, 110, 300, 90, 220, 380, 130, 350, 500, 350, 380, 460, 440, 90, 310, 480]
Tardiness: 0
Energy Consumption: 530.6691666666605
Number of generations: 90
Calculation time of this iteration (s): 9.874852180480957




ITERATION 2

BEST:
[2, 0, 0, 0, 5, 5, 1, 1, 1, 3, 0, 2, 5, 2, 3, 3, 4]
[5, 0, 2, 4, 0, 2, 1, 2, 0, 2, 3, 4, 4, 5, 5, 3, 1]
[0, 50, 90, 110, 0, 100, 160, 0, 130, 270, 160, 420, 450, 90, 50, 90, 270]
[50, 90, 110, 320, 90, 160, 320, 130, 270, 420, 360, 450, 470, 240, 90, 100, 400]
Tardiness: 0
Energy Consumption: 515.6171666666617
Number of generations: 105
Calculation time of this iteration (s): 12.474268198013306




ITERATION 3

BEST:
[0, 2, 0, 0, 5, 4, 1, 1, 1, 5, 3, 2, 0, 3, 5, 3, 2]
[0, 5, 2, 4, 0, 2, 1, 2, 0, 2, 4, 1, 5, 5, 4, 3, 2]
[0, 50, 90, 130, 0, 170, 230, 0, 130, 350, 110, 350, 380, 90, 50, 230, 350]
[50, 90, 110, 350, 90, 230, 390, 130, 350, 500, 350, 380, 400, 170, 90, 240, 480]
Tardiness: 0
Energy Consumption: 538.8760000000002
Number of generations: 93
Calculation time of this iteration (s): 8.122166156768799




ITERATION 4

BEST:
[2, 0, 0, 4, 5, 5, 1, 5, 1, 3, 0, 2, 0, 1, 3, 3, 2]
[5, 0, 2, 3, 0, 2, 1, 3, 2, 2, 4, 4, 5, 0, 5, 3, 2]
[0, 50, 90, 130, 0, 100, 160, 0, 130, 360, 160, 360, 390, 0, 50, 90, 220]
[50, 90, 110, 350, 90, 160, 320, 130, 270, 510, 360, 390, 410, 220, 90, 100, 380]
Tardiness: 0
Energy Consumption: 532.4244999999972
Number of generations: 107
Calculation time of this iteration (s): 10.073400974273682




ITERATION 5

BEST:
[0, 2, 0, 0, 5, 5, 1, 1, 3, 0, 4, 3, 2, 1, 5, 3, 2]
[0, 5, 2, 4, 0, 2, 1, 2, 4, 2, 3, 5, 1, 0, 4, 3, 5]
[0, 50, 90, 160, 0, 100, 160, 0, 130, 380, 110, 350, 380, 0, 50, 90, 350]
[50, 90, 110, 350, 90, 160, 320, 130, 350, 530, 350, 380, 400, 220, 90, 100, 480]
Tardiness: 2
Energy Consumption: 501.72716666665724
Number of generations: 101
Calculation time of this iteration (s): 11.357301235198975




ITERATION 6

BEST:
[2, 0, 0, 0, 5, 5, 1, 1, 4, 0, 3, 3, 2, 1, 5, 3, 2]
[5, 0, 2, 4, 0, 2, 1, 2, 3, 2, 4, 5, 1, 0, 3, 3, 2]
[0, 50, 90, 160, 0, 100, 160, 0, 130, 350, 110, 350, 380, 0, 50, 90, 220]
[50, 90, 110, 350, 90, 160, 320, 130, 350, 500, 350, 380, 400, 220, 90, 100, 380]
Tardiness: 0
Energy Consumption: 508.6423333333261
Number of generations: 89
Calculation time of this iteration (s): 7.544823169708252




ITERATION 7

BEST:
[0, 1, 5, 0, 1, 5, 3, 1, 0, 2, 2, 0, 3, 4, 5, 3, 2]
[0, 1, 0, 2, 2, 2, 2, 0, 4, 5, 3, 5, 5, 1, 4, 3, 2]
[0, 50, 90, 130, 0, 90, 150, 0, 130, 360, 160, 360, 390, 90, 50, 150, 160]
[50, 90, 110, 350, 90, 150, 310, 130, 300, 510, 360, 390, 410, 240, 90, 160, 290]
Tardiness: 0
Energy Consumption: 629.4363333333322
Number of generations: 74
Calculation time of this iteration (s): 6.390904903411865




ITERATION 8

BEST:
[2, 0, 0, 2, 5, 5, 1, 1, 0, 1, 3, 3, 5, 0, 4, 3, 2]
[5, 0, 2, 3, 0, 2, 1, 2, 4, 0, 4, 5, 4, 2, 1, 3, 5]
[0, 50, 90, 160, 0, 100, 160, 0, 130, 380, 110, 350, 380, 90, 50, 90, 350]
[50, 90, 110, 350, 90, 160, 320, 130, 300, 530, 350, 380, 400, 240, 90, 100, 480]
Tardiness: 2
Energy Consumption: 490.0433333333312
Number of generations: 96
Calculation time of this iteration (s): 7.539153337478638




ITERATION 9

BEST:
[1, 2, 0, 5, 2, 1, 0, 0, 3, 5, 3, 2, 5, 1, 3, 4, 0]
[1, 5, 0, 0, 1, 3, 2, 4, 4, 2, 5, 5, 4, 0, 3, 2, 2]
[0, 50, 90, 180, 0, 90, 220, 0, 130, 380, 110, 350, 380, 100, 50, 90, 350]
[50, 90, 110, 370, 90, 220, 380, 130, 350, 530, 350, 380, 400, 180, 90, 100, 480]
Tardiness: 2
Energy Consumption: 638.1378333333281
Number of generations: 48
Calculation time of this iteration (s): 3.958622694015503




ITERATION 10

BEST:
[2, 0, 0, 1, 0, 0, 4, 1, 5, 3, 2, 1, 2, 5, 3, 5, 3]
[5, 0, 2, 1, 4, 5, 2, 2, 0, 4, 3, 0, 2, 1, 5, 4, 3]
[0, 50, 90, 130, 0, 170, 230, 0, 130, 300, 110, 350, 380, 90, 50, 90, 350]
[50, 90, 110, 350, 90, 230, 390, 130, 300, 450, 350, 380, 400, 170, 90, 260, 480]
Tardiness: 0
Energy Consumption: 663.838333333325
Number of generations: 44
Calculation time of this iteration (s): 3.9619274139404297




SUMMARY


GLOBAL BEST:
[2, 0, 0, 0, 5, 5, 1, 1, 4, 0, 3, 3, 2, 1, 5, 3, 2]
[5, 0, 2, 4, 0, 2, 1, 2, 3, 2, 4, 5, 1, 0, 3, 3, 2]
[0, 50, 90, 160, 0, 100, 160, 0, 130, 350, 110, 350, 380, 0, 50, 90, 220]
[50, 90, 110, 350, 90, 160, 320, 130, 350, 500, 350, 380, 400, 220, 90, 100, 380]
Tardiness: 0
Energy Consumption: 508.6423333333261


Total execution time (s)
81.2974202632904
