
ITERATION 1

BEST:
[4, 4, 3, 4, 1, 1, 5, 3, 2, 2, 0, 3, 1, 1, 1, 3, 0, 3]
[4, 2, 1, 4, 2, 1, 5, 3, 1, 4, 0, 5, 3, 5, 3, 2, 4, 1]
[0, 230, 20, 70, 230, 420, 570, 130, 160, 0, 10, 230, 270, 400, 0, 10, 20, 0]
[30, 390, 70, 130, 420, 570, 590, 160, 230, 10, 230, 270, 400, 500, 10, 20, 140, 200]
Tardiness: 0
Energy Consumption: 355.42016666666495
Number of generations: 76
Calculation time of this iteration (s): 6.20405387878418




ITERATION 2

BEST:
[3, 0, 3, 4, 4, 1, 5, 3, 4, 3, 1, 2, 1, 1, 1, 2, 0, 3]
[1, 0, 3, 4, 2, 2, 5, 5, 4, 2, 1, 1, 3, 5, 3, 4, 4, 1]
[0, 230, 20, 70, 230, 420, 570, 130, 160, 0, 10, 230, 270, 400, 0, 10, 20, 0]
[30, 390, 70, 130, 420, 570, 590, 160, 230, 10, 230, 270, 400, 500, 10, 20, 140, 200]
Tardiness: 0
Energy Consumption: 358.8901666666683
Number of generations: 90
Calculation time of this iteration (s): 7.071791648864746




ITERATION 3

BEST:
[3, 0, 4, 2, 4, 1, 5, 3, 4, 2, 1, 3, 1, 1, 1, 3, 0, 3]
[1, 0, 4, 1, 2, 2, 5, 3, 4, 4, 1, 5, 3, 5, 3, 2, 4, 1]
[0, 210, 20, 70, 230, 420, 570, 10, 140, 0, 10, 230, 270, 400, 0, 10, 20, 0]
[30, 370, 70, 130, 420, 570, 590, 40, 210, 10, 230, 270, 400, 500, 10, 20, 140, 200]
Tardiness: 0
Energy Consumption: 355.15066666666667
Number of generations: 66
Calculation time of this iteration (s): 5.161897897720337




ITERATION 4

BEST:
[4, 4, 3, 4, 0, 1, 5, 3, 2, 2, 1, 3, 1, 1, 1, 3, 0, 3]
[4, 2, 1, 4, 0, 2, 5, 3, 1, 4, 1, 0, 3, 5, 3, 2, 4, 1]
[0, 210, 20, 70, 230, 420, 570, 10, 140, 0, 10, 230, 280, 410, 0, 10, 20, 0]
[30, 370, 70, 130, 420, 570, 590, 40, 210, 10, 230, 280, 410, 510, 10, 20, 140, 200]
Tardiness: 0
Energy Consumption: 371.56066666666743
Number of generations: 40
Calculation time of this iteration (s): 3.410186290740967




ITERATION 5

BEST:
[3, 0, 4, 2, 4, 1, 5, 3, 4, 2, 1, 3, 1, 1, 1, 3, 3, 0]
[1, 0, 4, 1, 2, 2, 5, 3, 4, 4, 1, 5, 3, 5, 3, 2, 1, 4]
[0, 210, 20, 70, 230, 420, 570, 10, 140, 0, 10, 230, 270, 400, 0, 10, 20, 0]
[30, 370, 70, 130, 420, 570, 590, 40, 210, 10, 230, 270, 400, 500, 10, 20, 140, 200]
Tardiness: 0
Energy Consumption: 353.0826666666668
Number of generations: 53
Calculation time of this iteration (s): 4.325770378112793




ITERATION 6

BEST:
[4, 4, 5, 4, 0, 1, 3, 3, 2, 2, 1, 3, 1, 1, 1, 3, 3, 0]
[4, 2, 5, 4, 0, 2, 1, 3, 1, 4, 1, 5, 3, 5, 3, 2, 1, 4]
[0, 210, 20, 70, 230, 420, 570, 10, 140, 0, 10, 230, 270, 400, 0, 10, 20, 0]
[30, 370, 70, 130, 420, 570, 590, 40, 210, 10, 230, 270, 400, 500, 10, 20, 140, 200]
Tardiness: 0
Energy Consumption: 356.26666666666665
Number of generations: 71
Calculation time of this iteration (s): 5.509480714797974




ITERATION 7

BEST:
[4, 4, 3, 2, 1, 1, 5, 3, 4, 2, 0, 3, 1, 1, 1, 3, 3, 0]
[4, 2, 1, 1, 2, 1, 5, 3, 4, 4, 0, 5, 3, 5, 3, 2, 1, 4]
[0, 210, 20, 70, 230, 420, 570, 10, 140, 0, 10, 230, 270, 400, 0, 10, 20, 0]
[30, 370, 70, 130, 420, 570, 590, 40, 210, 10, 230, 270, 400, 500, 10, 20, 140, 200]
Tardiness: 0
Energy Consumption: 350.7026666666658
Number of generations: 83
Calculation time of this iteration (s): 6.456757545471191




ITERATION 8

BEST:
[4, 4, 3, 2, 1, 1, 5, 3, 4, 2, 0, 3, 1, 1, 3, 1, 0, 3]
[4, 2, 1, 1, 2, 1, 5, 3, 4, 4, 0, 5, 3, 5, 2, 3, 4, 1]
[0, 210, 20, 70, 230, 420, 570, 10, 140, 0, 10, 230, 270, 400, 0, 10, 20, 0]
[30, 370, 70, 130, 420, 570, 590, 40, 210, 10, 230, 270, 400, 500, 10, 20, 140, 200]
Tardiness: 0
Energy Consumption: 352.77066666666565
Number of generations: 81
Calculation time of this iteration (s): 6.4055845737457275




ITERATION 9

BEST:
[3, 0, 4, 3, 4, 1, 5, 2, 4, 2, 1, 3, 1, 1, 1, 3, 3, 0]
[1, 0, 4, 3, 2, 2, 5, 1, 4, 4, 1, 5, 3, 5, 3, 2, 1, 4]
[0, 210, 20, 70, 230, 420, 570, 10, 140, 0, 10, 230, 270, 400, 0, 10, 20, 0]
[30, 370, 70, 130, 420, 570, 590, 40, 210, 10, 230, 270, 400, 500, 10, 20, 140, 200]
Tardiness: 0
Energy Consumption: 354.8316666666667
Number of generations: 48
Calculation time of this iteration (s): 3.9091310501098633




ITERATION 10

BEST:
[4, 4, 3, 2, 0, 1, 5, 3, 4, 2, 1, 3, 1, 1, 1, 3, 0, 3]
[4, 2, 1, 1, 0, 2, 5, 3, 4, 4, 1, 5, 3, 5, 3, 2, 4, 1]
[0, 210, 20, 70, 230, 420, 570, 10, 140, 0, 10, 230, 270, 400, 0, 10, 20, 0]
[30, 370, 70, 130, 420, 570, 590, 40, 210, 10, 230, 270, 400, 500, 10, 20, 140, 200]
Tardiness: 0
Energy Consumption: 358.20666666666614
Number of generations: 61
Calculation time of this iteration (s): 5.590453863143921




SUMMARY


GLOBAL BEST:
[4, 4, 3, 2, 1, 1, 5, 3, 4, 2, 0, 3, 1, 1, 1, 3, 3, 0]
[4, 2, 1, 1, 2, 1, 5, 3, 4, 4, 0, 5, 3, 5, 3, 2, 1, 4]
[0, 210, 20, 70, 230, 420, 570, 10, 140, 0, 10, 230, 270, 400, 0, 10, 20, 0]
[30, 370, 70, 130, 420, 570, 590, 40, 210, 10, 230, 270, 400, 500, 10, 20, 140, 200]
Tardiness: 0
Energy Consumption: 350.7026666666658


Total execution time (s)
54.0451078414917
