
ITERATION 1

BEST:
[4, 5, 8, 1, 2, 4, 3, 5, 8, 7, 0, 5, 7, 0, 4, 3, 6, 3, 0, 8, 5, 7, 6, 3, 5, 6]
[0, 5, 5, 0, 3, 4, 9, 3, 0, 9, 9, 0, 3, 2, 5, 5, 5, 3, 4, 2, 9, 8, 3, 7, 2, 1]
[190, 350, 380, 20, 0, 0, 220, 320, 420, 0, 20, 150, 0, 60, 300, 420, 550, 320, 420, 650, 120, 290, 320, 50, 150, 380]
[350, 380, 550, 110, 60, 120, 320, 420, 500, 20, 140, 220, 50, 290, 420, 550, 640, 350, 650, 710, 190, 320, 390, 150, 300, 430]
Tardiness: 0
Energy Consumption: 613.0746666666568
Number of generations: 136
Calculation time of this iteration (s): 14.943530321121216




ITERATION 2

BEST:
[4, 3, 5, 1, 7, 8, 2, 5, 0, 7, 3, 8, 3, 4, 4, 0, 8, 5, 0, 3, 5, 7, 6, 6, 5, 6]
[0, 9, 5, 0, 9, 5, 3, 3, 9, 3, 5, 0, 3, 4, 5, 2, 2, 0, 4, 7, 9, 8, 5, 3, 2, 1]
[190, 350, 380, 20, 0, 0, 150, 320, 420, 0, 20, 250, 0, 60, 300, 420, 550, 320, 420, 650, 120, 290, 320, 50, 150, 380]
[350, 380, 550, 110, 60, 120, 250, 420, 500, 20, 140, 320, 50, 290, 420, 550, 640, 350, 650, 710, 190, 320, 390, 150, 300, 430]
Tardiness: 0
Energy Consumption: 628.0429999999951
Number of generations: 87
Calculation time of this iteration (s): 9.865439176559448




ITERATION 3

BEST:
[4, 2, 4, 5, 1, 8, 5, 3, 8, 7, 4, 0, 7, 0, 8, 5, 5, 7, 0, 3, 6, 3, 6, 3, 5, 6]
[0, 3, 4, 5, 0, 5, 3, 9, 0, 9, 5, 9, 3, 2, 2, 0, 9, 8, 4, 5, 5, 3, 3, 7, 2, 1]
[190, 350, 380, 20, 0, 0, 220, 320, 420, 0, 20, 150, 0, 60, 300, 420, 550, 320, 420, 650, 120, 290, 320, 50, 150, 380]
[350, 380, 550, 110, 60, 120, 320, 420, 500, 20, 140, 220, 50, 290, 420, 550, 640, 350, 650, 710, 190, 320, 390, 150, 300, 430]
Tardiness: 0
Energy Consumption: 610.313166666659
Number of generations: 97
Calculation time of this iteration (s): 10.519313335418701




ITERATION 4

BEST:
[4, 2, 4, 1, 3, 5, 5, 8, 4, 7, 0, 8, 7, 3, 5, 7, 5, 3, 0, 0, 3, 8, 6, 6, 5, 6]
[0, 3, 4, 0, 9, 5, 3, 5, 5, 9, 9, 0, 3, 5, 0, 8, 9, 3, 2, 4, 7, 2, 5, 3, 2, 1]
[190, 350, 380, 20, 0, 0, 220, 320, 420, 0, 20, 150, 0, 60, 300, 420, 550, 320, 420, 650, 120, 290, 320, 50, 150, 380]
[350, 380, 550, 110, 60, 120, 320, 420, 500, 20, 140, 220, 50, 290, 420, 550, 640, 350, 650, 710, 190, 320, 390, 150, 300, 430]
Tardiness: 0
Energy Consumption: 651.8779999999972
Number of generations: 62
Calculation time of this iteration (s): 7.171396017074585




ITERATION 5

BEST:
[8, 1, 5, 2, 4, 7, 5, 3, 7, 7, 3, 8, 6, 4, 5, 0, 8, 3, 0, 4, 0, 5, 6, 3, 5, 6]
[5, 0, 8, 3, 0, 2, 3, 9, 3, 8, 5, 0, 5, 4, 0, 9, 2, 3, 2, 5, 4, 9, 3, 7, 2, 1]
[120, 310, 340, 0, 0, 0, 120, 330, 430, 90, 110, 250, 0, 70, 300, 420, 550, 220, 430, 660, 0, 300, 330, 0, 110, 260]
[280, 340, 510, 90, 60, 120, 220, 430, 510, 110, 230, 320, 70, 300, 420, 550, 640, 250, 660, 720, 140, 330, 400, 100, 260, 310]
Tardiness: 0
Energy Consumption: 645.6166666666692
Number of generations: 76
Calculation time of this iteration (s): 9.183725833892822




ITERATION 6

BEST:
[5, 1, 4, 2, 3, 8, 5, 3, 3, 7, 0, 7, 8, 0, 6, 4, 4, 7, 0, 5, 6, 5, 8, 3, 5, 6]
[8, 0, 0, 3, 9, 5, 3, 5, 2, 9, 9, 3, 0, 2, 5, 4, 5, 8, 4, 0, 3, 9, 2, 7, 2, 1]
[190, 460, 490, 0, 0, 0, 120, 220, 460, 90, 110, 250, 0, 70, 300, 420, 550, 220, 330, 560, 120, 300, 330, 0, 110, 490]
[350, 490, 660, 90, 60, 120, 220, 460, 540, 110, 230, 320, 70, 300, 420, 550, 640, 250, 560, 620, 190, 330, 400, 100, 260, 540]
Tardiness: 0
Energy Consumption: 619.908500000001
Number of generations: 90
Calculation time of this iteration (s): 10.312507390975952




ITERATION 7

BEST:
[4, 7, 5, 8, 3, 4, 2, 5, 1, 8, 4, 0, 7, 0, 8, 3, 5, 3, 0, 6, 5, 7, 6, 6, 5, 3]
[0, 9, 8, 5, 9, 4, 3, 3, 0, 0, 5, 9, 3, 2, 2, 5, 0, 3, 4, 5, 9, 8, 3, 1, 2, 7]
[190, 350, 380, 20, 0, 70, 210, 330, 430, 0, 20, 140, 0, 70, 300, 420, 550, 310, 430, 660, 0, 300, 330, 0, 110, 380]
[350, 380, 550, 110, 60, 190, 310, 430, 510, 20, 140, 210, 70, 300, 420, 550, 640, 340, 660, 720, 70, 330, 400, 100, 260, 430]
Tardiness: 0
Energy Consumption: 609.6701666666613
Number of generations: 156
Calculation time of this iteration (s): 17.59014105796814




ITERATION 8

BEST:
[5, 3, 8, 1, 2, 4, 5, 8, 7, 7, 3, 3, 3, 4, 6, 0, 0, 6, 0, 4, 5, 7, 5, 8, 5, 6]
[8, 9, 5, 0, 3, 0, 3, 0, 9, 3, 5, 3, 7, 4, 5, 9, 2, 3, 4, 5, 0, 8, 9, 2, 2, 1]
[190, 350, 380, 0, 0, 0, 120, 330, 430, 90, 110, 250, 0, 70, 300, 420, 550, 220, 430, 660, 120, 300, 330, 0, 110, 380]
[350, 380, 550, 90, 60, 120, 220, 430, 510, 110, 230, 320, 70, 300, 420, 550, 640, 250, 660, 720, 190, 330, 400, 100, 260, 430]
Tardiness: 0
Energy Consumption: 618.294833333326
Number of generations: 145
Calculation time of this iteration (s): 16.153010845184326




ITERATION 9

BEST:
[4, 2, 4, 5, 7, 3, 8, 5, 1, 8, 5, 7, 7, 4, 3, 0, 0, 3, 0, 8, 6, 6, 5, 5, 6, 3]
[0, 3, 4, 5, 9, 9, 5, 3, 0, 0, 0, 3, 8, 5, 5, 9, 2, 3, 4, 2, 5, 3, 1, 2, 1, 7]
[190, 350, 380, 20, 0, 70, 220, 320, 420, 0, 20, 150, 0, 60, 300, 420, 610, 320, 420, 650, 0, 290, 320, 50, 150, 380]
[350, 380, 550, 110, 60, 190, 320, 420, 500, 20, 140, 220, 50, 290, 420, 610, 700, 350, 650, 710, 70, 320, 390, 150, 300, 430]
Tardiness: 0
Energy Consumption: 679.3189999999943
Number of generations: 66
Calculation time of this iteration (s): 7.919788599014282




ITERATION 10

BEST:
[8, 3, 5, 2, 7, 5, 4, 1, 7, 7, 3, 6, 8, 4, 5, 4, 0, 3, 0, 0, 5, 6, 3, 8, 5, 6]
[5, 9, 8, 3, 9, 3, 0, 0, 3, 8, 5, 5, 0, 4, 0, 5, 9, 3, 2, 4, 9, 3, 7, 2, 2, 1]
[190, 350, 380, 20, 0, 0, 120, 330, 430, 0, 20, 250, 0, 70, 300, 420, 550, 220, 430, 660, 120, 300, 330, 0, 110, 380]
[350, 380, 550, 110, 60, 120, 220, 430, 510, 20, 140, 320, 70, 300, 420, 550, 640, 250, 660, 720, 190, 330, 400, 100, 260, 430]
Tardiness: 0
Energy Consumption: 614.6429999999938
Number of generations: 122
Calculation time of this iteration (s): 13.148353815078735




SUMMARY


GLOBAL BEST:
[4, 7, 5, 8, 3, 4, 2, 5, 1, 8, 4, 0, 7, 0, 8, 3, 5, 3, 0, 6, 5, 7, 6, 6, 5, 3]
[0, 9, 8, 5, 9, 4, 3, 3, 0, 0, 5, 9, 3, 2, 2, 5, 0, 3, 4, 5, 9, 8, 3, 1, 2, 7]
[190, 350, 380, 20, 0, 70, 210, 330, 430, 0, 20, 140, 0, 70, 300, 420, 550, 310, 430, 660, 0, 300, 330, 0, 110, 380]
[350, 380, 550, 110, 60, 190, 310, 430, 510, 20, 140, 210, 70, 300, 420, 550, 640, 340, 660, 720, 70, 330, 400, 100, 260, 430]
Tardiness: 0
Energy Consumption: 609.6701666666613


Total execution time (s)
116.80720639228821
