
ITERATION 1

BEST:
[2, 0, 1, 3, 0, 4, 1, 0, 2, 1, 4, 3, 1, 1, 4, 0, 4, 3]
[1, 4, 4, 0, 2, 0, 1, 3, 4, 4, 1, 3, 2, 3, 2, 0, 4, 2]
[0, 10, 60, 230, 10, 90, 150, 290, 400, 0, 90, 0, 160, 480, 50, 230, 370, 480]
[10, 60, 160, 440, 90, 130, 290, 370, 630, 60, 150, 50, 400, 510, 230, 330, 480, 610]
Tardiness: 0
Energy Consumption: 504.8464999999969
Number of generations: 80
Calculation time of this iteration (s): 8.2077054977417




ITERATION 2

BEST:
[2, 0, 0, 2, 0, 4, 3, 1, 1, 1, 4, 0, 4, 3, 4, 1, 1, 3]
[1, 4, 4, 1, 3, 0, 0, 4, 1, 4, 1, 0, 2, 3, 4, 1, 0, 2]
[0, 10, 110, 230, 110, 190, 230, 370, 450, 0, 60, 180, 230, 470, 0, 230, 330, 440]
[10, 110, 210, 440, 190, 230, 370, 450, 590, 60, 140, 230, 470, 500, 180, 330, 440, 570]
Tardiness: 0
Energy Consumption: 458.1988333333268
Number of generations: 85
Calculation time of this iteration (s): 8.11081576347351




ITERATION 3

BEST:
[2, 0, 1, 2, 0, 0, 1, 1, 3, 4, 4, 0, 4, 3, 3, 1, 1, 4]
[1, 4, 4, 4, 2, 3, 1, 4, 0, 0, 1, 0, 2, 3, 2, 1, 0, 4]
[0, 10, 60, 230, 10, 90, 150, 330, 440, 0, 90, 0, 160, 440, 50, 230, 330, 440]
[10, 60, 160, 440, 90, 130, 290, 410, 580, 60, 150, 50, 400, 470, 230, 330, 440, 570]
Tardiness: 0
Energy Consumption: 486.3111666666624
Number of generations: 83
Calculation time of this iteration (s): 7.430879592895508




ITERATION 4

BEST:
[2, 4, 0, 1, 0, 0, 1, 3, 2, 0, 1, 4, 4, 3, 3, 1, 1, 4]
[1, 0, 4, 4, 2, 3, 1, 2, 4, 0, 4, 1, 2, 3, 2, 1, 3, 4]
[0, 10, 60, 180, 10, 90, 150, 290, 400, 0, 90, 60, 160, 400, 0, 180, 280, 390]
[10, 60, 160, 390, 90, 130, 290, 370, 630, 60, 150, 160, 400, 430, 180, 280, 390, 520]
Tardiness: 0
Energy Consumption: 532.6953333333287
Number of generations: 71
Calculation time of this iteration (s): 6.553816795349121




ITERATION 5

BEST:
[2, 0, 0, 2, 3, 4, 1, 0, 1, 1, 4, 0, 4, 3, 4, 1, 1, 3]
[1, 4, 4, 1, 0, 0, 4, 3, 1, 4, 1, 0, 2, 3, 4, 1, 0, 2]
[0, 10, 110, 230, 110, 190, 230, 370, 450, 0, 60, 0, 210, 450, 50, 230, 330, 440]
[10, 110, 210, 440, 190, 230, 370, 450, 590, 60, 140, 50, 450, 480, 230, 330, 440, 570]
Tardiness: 0
Energy Consumption: 448.40183333332686
Number of generations: 70
Calculation time of this iteration (s): 6.295320749282837




ITERATION 6

BEST:
[2, 1, 0, 2, 0, 4, 1, 0, 3, 0, 4, 1, 4, 3, 4, 1, 1, 3]
[1, 4, 4, 4, 2, 0, 1, 3, 0, 0, 1, 4, 2, 3, 4, 2, 0, 2]
[80, 90, 140, 240, 0, 80, 150, 390, 470, 0, 90, 180, 240, 480, 0, 180, 280, 390]
[90, 140, 240, 450, 80, 120, 290, 470, 610, 60, 150, 230, 480, 510, 180, 280, 390, 520]
Tardiness: 0
Energy Consumption: 474.2556666666587
Number of generations: 66
Calculation time of this iteration (s): 6.0108642578125




ITERATION 7

BEST:
[2, 4, 1, 2, 0, 0, 1, 1, 3, 0, 4, 0, 4, 3, 4, 1, 1, 3]
[1, 0, 4, 1, 4, 2, 1, 4, 0, 3, 1, 0, 2, 3, 4, 2, 0, 2]
[80, 90, 140, 240, 0, 140, 180, 390, 470, 0, 60, 180, 240, 480, 0, 180, 280, 390]
[90, 140, 240, 450, 80, 180, 320, 470, 610, 60, 140, 230, 480, 510, 180, 280, 390, 520]
Tardiness: 0
Energy Consumption: 467.7329999999952
Number of generations: 97
Calculation time of this iteration (s): 9.667782306671143




ITERATION 8

BEST:
[2, 4, 1, 1, 0, 0, 3, 0, 2, 0, 4, 1, 4, 3, 4, 1, 1, 3]
[1, 0, 4, 1, 4, 2, 0, 3, 4, 0, 1, 4, 2, 3, 4, 2, 0, 2]
[80, 90, 140, 240, 0, 80, 150, 390, 470, 0, 90, 180, 240, 480, 0, 180, 280, 390]
[90, 140, 240, 450, 80, 120, 290, 470, 610, 60, 150, 230, 480, 510, 180, 280, 390, 520]
Tardiness: 0
Energy Consumption: 471.93066666666107
Number of generations: 57
Calculation time of this iteration (s): 6.287522554397583




ITERATION 9

BEST:
[2, 0, 1, 3, 0, 4, 1, 0, 2, 1, 4, 0, 1, 3, 4, 1, 4, 3]
[1, 4, 4, 0, 2, 0, 1, 3, 4, 4, 1, 0, 2, 3, 2, 3, 4, 2]
[0, 10, 60, 230, 10, 90, 150, 290, 400, 0, 90, 0, 160, 480, 50, 230, 370, 480]
[10, 60, 160, 440, 90, 130, 290, 370, 630, 60, 150, 50, 400, 510, 230, 330, 480, 610]
Tardiness: 0
Energy Consumption: 507.94699999999625
Number of generations: 72
Calculation time of this iteration (s): 8.018954515457153




ITERATION 10

BEST:
[2, 4, 1, 3, 0, 0, 1, 4, 2, 0, 1, 0, 4, 3, 4, 1, 1, 3]
[1, 0, 4, 0, 4, 2, 1, 1, 4, 3, 4, 0, 2, 3, 4, 2, 0, 2]
[80, 90, 140, 240, 0, 80, 150, 390, 470, 0, 90, 180, 240, 480, 0, 180, 280, 390]
[90, 140, 240, 450, 80, 120, 290, 470, 610, 60, 150, 230, 480, 510, 180, 280, 390, 520]
Tardiness: 0
Energy Consumption: 468.68966666666273
Number of generations: 77
Calculation time of this iteration (s): 8.158213138580322




SUMMARY


GLOBAL BEST:
[2, 0, 0, 2, 3, 4, 1, 0, 1, 1, 4, 0, 4, 3, 4, 1, 1, 3]
[1, 4, 4, 1, 0, 0, 4, 3, 1, 4, 1, 0, 2, 3, 4, 1, 0, 2]
[0, 10, 110, 230, 110, 190, 230, 370, 450, 0, 60, 0, 210, 450, 50, 230, 330, 440]
[10, 110, 210, 440, 190, 230, 370, 450, 590, 60, 140, 50, 450, 480, 230, 330, 440, 570]
Tardiness: 0
Energy Consumption: 448.40183333332686


Total execution time (s)
74.74187517166138
