
ITERATION 1

BEST:
[9, 1, 1, 3, 0, 4, 5, 8, 7, 4, 2, 5, 7, 8, 3, 0, 1, 8, 7, 6, 0, 5, 4, 1, 1, 0, 4, 3, 8, 8]
[3, 7, 5, 0, 3, 1, 4, 7, 1, 4, 6, 3, 7, 3, 2, 6, 6, 5, 1, 2, 1, 4, 0, 5, 7, 6, 5, 3, 2, 1]
[90, 130, 410, 500, 0, 80, 180, 410, 430, 0, 0, 110, 340, 0, 110, 140, 430, 0, 130, 290, 170, 60, 280, 390, 80, 290, 340, 410, 500, 0]
[130, 170, 500, 540, 80, 180, 360, 430, 490, 100, 110, 170, 540, 60, 140, 250, 500, 110, 290, 310, 330, 250, 390, 410, 280, 340, 410, 490, 630, 90]
Tardiness: 0
Energy Consumption: 758.1293333333356
Number of generations: 80
Calculation time of this iteration (s): 10.32047724723816




ITERATION 2

BEST:
[3, 7, 1, 6, 0, 5, 9, 5, 8, 2, 4, 3, 1, 7, 0, 4, 1, 8, 8, 1, 7, 5, 0, 3, 1, 0, 4, 8, 8, 4]
[0, 1, 7, 2, 3, 5, 6, 3, 7, 6, 1, 2, 5, 2, 6, 4, 6, 3, 5, 5, 1, 4, 1, 7, 7, 6, 0, 2, 1, 5]
[0, 190, 310, 410, 0, 120, 230, 410, 450, 90, 0, 160, 280, 190, 250, 280, 430, 0, 120, 280, 0, 0, 220, 290, 80, 280, 330, 400, 480, 0]
[40, 230, 400, 450, 80, 220, 410, 430, 510, 190, 110, 220, 450, 250, 280, 390, 500, 120, 280, 300, 160, 190, 290, 310, 280, 330, 400, 480, 610, 90]
Tardiness: 0
Energy Consumption: 688.144500000006
Number of generations: 150
Calculation time of this iteration (s): 17.689239263534546




ITERATION 3

BEST:
[2, 6, 9, 7, 0, 4, 1, 0, 8, 5, 1, 5, 7, 3, 0, 1, 8, 3, 8, 7, 5, 8, 0, 1, 1, 4, 4, 3, 8, 4]
[6, 2, 3, 1, 3, 1, 7, 6, 7, 4, 5, 3, 7, 0, 1, 6, 3, 2, 5, 1, 4, 2, 6, 5, 7, 4, 0, 7, 1, 5]
[90, 130, 250, 360, 0, 80, 180, 410, 430, 0, 0, 160, 490, 190, 310, 340, 450, 0, 130, 290, 0, 0, 280, 390, 80, 290, 340, 410, 490, 0]
[130, 170, 340, 400, 80, 180, 360, 430, 490, 100, 110, 220, 660, 250, 340, 450, 520, 110, 290, 310, 160, 190, 390, 410, 280, 340, 410, 490, 620, 90]
Tardiness: 0
Energy Consumption: 815.3143333333306
Number of generations: 47
Calculation time of this iteration (s): 6.2454612255096436




ITERATION 4

BEST:
[9, 5, 6, 0, 5, 2, 1, 4, 7, 1, 0, 5, 4, 3, 8, 1, 7, 7, 8, 1, 0, 4, 3, 3, 1, 8, 0, 4, 8, 8]
[3, 4, 2, 3, 3, 6, 7, 1, 1, 5, 6, 4, 4, 0, 7, 6, 2, 1, 3, 5, 7, 0, 2, 3, 7, 5, 6, 5, 2, 7]
[90, 130, 280, 400, 0, 80, 180, 360, 400, 0, 0, 320, 380, 0, 310, 340, 450, 0, 130, 290, 0, 60, 250, 320, 80, 290, 380, 450, 530, 0]
[130, 170, 400, 440, 80, 180, 360, 380, 460, 100, 110, 380, 580, 60, 340, 450, 520, 110, 290, 310, 160, 250, 320, 340, 280, 340, 450, 530, 710, 90]
Tardiness: 0
Energy Consumption: 962.8873333333386
Number of generations: 34
Calculation time of this iteration (s): 4.947373867034912




ITERATION 5

BEST:
[3, 4, 5, 1, 3, 9, 0, 6, 5, 1, 2, 7, 4, 1, 8, 7, 7, 8, 5, 1, 4, 8, 3, 0, 0, 4, 0, 8, 1, 8]
[0, 1, 4, 7, 2, 6, 3, 2, 3, 5, 6, 1, 4, 6, 7, 7, 1, 3, 4, 5, 0, 5, 3, 6, 1, 5, 6, 2, 7, 1]
[0, 370, 410, 500, 0, 80, 190, 370, 390, 90, 0, 110, 330, 0, 110, 140, 460, 0, 110, 270, 170, 60, 280, 390, 80, 280, 390, 460, 540, 0]
[40, 410, 500, 540, 80, 180, 370, 390, 450, 190, 110, 170, 530, 60, 140, 250, 530, 110, 270, 290, 330, 250, 390, 410, 280, 330, 460, 540, 670, 90]
Tardiness: 0
Energy Consumption: 748.0840000000007
Number of generations: 74
Calculation time of this iteration (s): 9.426208019256592




ITERATION 6

BEST:
[9, 2, 5, 6, 1, 0, 1, 7, 3, 5, 4, 8, 7, 0, 4, 8, 1, 4, 0, 0, 7, 8, 3, 1, 1, 3, 8, 5, 8, 4]
[3, 6, 4, 2, 7, 3, 5, 1, 0, 3, 1, 7, 7, 6, 4, 3, 6, 0, 1, 6, 1, 5, 2, 5, 7, 7, 3, 4, 1, 5]
[90, 130, 250, 360, 0, 80, 180, 410, 430, 0, 0, 160, 490, 190, 250, 280, 430, 0, 130, 290, 0, 0, 280, 390, 80, 290, 340, 410, 590, 0]
[130, 170, 340, 400, 80, 180, 360, 430, 490, 100, 110, 220, 660, 250, 280, 390, 500, 110, 290, 310, 160, 190, 390, 410, 280, 340, 410, 590, 720, 90]
Tardiness: 0
Energy Consumption: 781.4098333333355
Number of generations: 113
Calculation time of this iteration (s): 15.219050884246826




ITERATION 7

BEST:
[9, 6, 5, 7, 1, 2, 0, 0, 3, 4, 3, 8, 1, 5, 1, 5, 8, 8, 0, 1, 4, 7, 7, 8, 1, 4, 3, 4, 8, 0]
[6, 2, 5, 1, 7, 6, 3, 6, 0, 1, 2, 7, 5, 3, 6, 4, 3, 5, 1, 5, 4, 7, 1, 2, 7, 0, 3, 5, 1, 6]
[0, 190, 250, 410, 0, 120, 230, 410, 430, 90, 0, 160, 330, 190, 300, 330, 440, 0, 120, 280, 0, 0, 280, 390, 80, 280, 330, 400, 480, 0]
[40, 230, 340, 450, 80, 220, 410, 430, 490, 190, 110, 220, 530, 250, 330, 440, 510, 120, 280, 300, 160, 190, 390, 410, 280, 330, 400, 480, 610, 90]
Tardiness: 0
Energy Consumption: 729.2523333333412
Number of generations: 80
Calculation time of this iteration (s): 9.847205877304077




ITERATION 8

BEST:
[7, 0, 1, 6, 4, 9, 5, 8, 0, 1, 2, 5, 7, 4, 3, 8, 3, 0, 7, 1, 5, 8, 8, 1, 1, 4, 0, 4, 8, 3]
[1, 3, 7, 2, 1, 6, 4, 7, 6, 5, 6, 3, 7, 4, 0, 3, 2, 1, 1, 6, 4, 5, 2, 5, 7, 0, 6, 5, 1, 3]
[0, 90, 250, 410, 0, 80, 230, 410, 430, 130, 0, 160, 330, 190, 250, 280, 430, 0, 110, 280, 0, 0, 280, 390, 80, 280, 330, 400, 480, 0]
[40, 130, 340, 450, 80, 180, 410, 430, 490, 230, 110, 220, 530, 250, 280, 390, 500, 110, 270, 300, 160, 190, 390, 410, 280, 330, 400, 480, 610, 90]
Tardiness: 0
Energy Consumption: 717.5464999999958
Number of generations: 83
Calculation time of this iteration (s): 10.38535189628601




ITERATION 9

BEST:
[3, 7, 0, 6, 4, 5, 9, 5, 1, 2, 4, 3, 1, 8, 0, 8, 1, 0, 5, 1, 8, 7, 7, 3, 1, 0, 4, 8, 8, 4]
[0, 1, 3, 2, 1, 5, 6, 3, 7, 6, 4, 2, 5, 7, 6, 3, 6, 1, 4, 5, 4, 7, 1, 3, 7, 6, 0, 2, 1, 5]
[0, 190, 250, 410, 0, 120, 230, 410, 430, 90, 0, 160, 330, 190, 250, 280, 430, 0, 120, 280, 0, 0, 280, 390, 80, 280, 330, 480, 560, 0]
[40, 230, 340, 450, 80, 220, 410, 430, 490, 190, 110, 220, 530, 250, 280, 390, 500, 120, 280, 300, 160, 190, 390, 410, 280, 330, 480, 560, 690, 90]
Tardiness: 0
Energy Consumption: 712.6041666666674
Number of generations: 170
Calculation time of this iteration (s): 20.772027730941772




ITERATION 10

BEST:
[7, 3, 1, 4, 0, 5, 9, 3, 6, 4, 2, 5, 1, 8, 0, 8, 1, 0, 7, 3, 7, 8, 4, 1, 5, 8, 4, 0, 1, 8]
[1, 0, 7, 1, 3, 4, 6, 2, 2, 4, 6, 3, 5, 7, 6, 3, 6, 1, 7, 3, 1, 5, 0, 5, 4, 2, 5, 6, 7, 1]
[0, 190, 250, 410, 0, 80, 230, 410, 430, 90, 0, 110, 330, 190, 250, 280, 430, 0, 110, 280, 170, 0, 280, 390, 80, 280, 330, 400, 480, 0]
[40, 230, 340, 450, 80, 180, 410, 430, 490, 190, 110, 170, 530, 250, 280, 390, 500, 110, 270, 300, 330, 190, 390, 410, 280, 330, 400, 480, 610, 90]
Tardiness: 0
Energy Consumption: 696.4133333333353
Number of generations: 126
Calculation time of this iteration (s): 15.039643287658691




SUMMARY


GLOBAL BEST:
[3, 7, 1, 6, 0, 5, 9, 5, 8, 2, 4, 3, 1, 7, 0, 4, 1, 8, 8, 1, 7, 5, 0, 3, 1, 0, 4, 8, 8, 4]
[0, 1, 7, 2, 3, 5, 6, 3, 7, 6, 1, 2, 5, 2, 6, 4, 6, 3, 5, 5, 1, 4, 1, 7, 7, 6, 0, 2, 1, 5]
[0, 190, 310, 410, 0, 120, 230, 410, 450, 90, 0, 160, 280, 190, 250, 280, 430, 0, 120, 280, 0, 0, 220, 290, 80, 280, 330, 400, 480, 0]
[40, 230, 400, 450, 80, 220, 410, 430, 510, 190, 110, 220, 450, 250, 280, 390, 500, 120, 280, 300, 160, 190, 290, 310, 280, 330, 400, 480, 610, 90]
Tardiness: 0
Energy Consumption: 688.144500000006


Total execution time (s)
119.89203929901123
