
ITERATION 1

BEST:
[0, 2, 1, 3, 4, 0, 2, 1, 0, 4, 3, 3, 2, 4, 4, 5, 2]
[3, 0, 2, 1, 3, 0, 3, 3, 3, 2, 0, 1, 0, 2, 3, 2, 1]
[0, 60, 310, 0, 280, 0, 60, 280, 450, 0, 230, 280, 50, 190, 210, 500, 420]
[50, 90, 500, 190, 310, 60, 280, 450, 670, 230, 280, 380, 60, 210, 420, 600, 600]
Tardiness: 0
Energy Consumption: 674.1850000000048
Number of generations: 35
Calculation time of this iteration (s): 3.4387900829315186




ITERATION 2

BEST:
[4, 4, 2, 5, 4, 0, 1, 2, 0, 3, 3, 4, 1, 2, 3, 2, 0]
[3, 2, 0, 2, 0, 3, 2, 3, 0, 1, 0, 1, 3, 0, 1, 3, 1]
[10, 240, 440, 210, 400, 0, 60, 320, 490, 0, 270, 340, 0, 10, 60, 240, 30]
[60, 270, 600, 400, 430, 60, 280, 490, 690, 230, 320, 440, 10, 30, 240, 340, 210]
Tardiness: 0
Energy Consumption: 613.9689999999956
Number of generations: 103
Calculation time of this iteration (s): 8.599746227264404




ITERATION 3

BEST:
[0, 4, 1, 2, 4, 2, 3, 4, 0, 0, 3, 2, 1, 2, 5, 3, 4]
[3, 3, 2, 0, 2, 3, 1, 2, 0, 1, 0, 0, 3, 3, 2, 1, 0]
[0, 60, 230, 0, 280, 0, 60, 280, 450, 0, 230, 390, 50, 190, 210, 450, 420]
[50, 90, 390, 190, 310, 60, 280, 450, 650, 230, 280, 490, 60, 210, 420, 590, 600]
Tardiness: 0
Energy Consumption: 615.6016666666652
Number of generations: 87
Calculation time of this iteration (s): 7.823808908462524




ITERATION 4

BEST:
[0, 4, 2, 1, 2, 1, 3, 4, 0, 0, 3, 3, 2, 4, 4, 5, 2]
[3, 3, 0, 2, 3, 3, 1, 2, 0, 3, 0, 1, 0, 2, 3, 2, 1]
[0, 60, 310, 0, 280, 0, 60, 280, 450, 0, 230, 280, 50, 190, 210, 500, 420]
[50, 90, 500, 190, 310, 60, 280, 450, 670, 230, 280, 380, 60, 210, 420, 600, 600]
Tardiness: 0
Energy Consumption: 579.2586666666673
Number of generations: 72
Calculation time of this iteration (s): 6.224354267120361




ITERATION 5

BEST:
[0, 4, 2, 1, 2, 4, 0, 4, 3, 0, 3, 3, 1, 2, 5, 2, 4]
[3, 3, 0, 2, 3, 2, 0, 2, 1, 1, 0, 1, 3, 0, 2, 3, 0]
[0, 60, 230, 0, 280, 0, 60, 280, 450, 0, 230, 390, 50, 190, 210, 450, 420]
[50, 90, 390, 190, 310, 60, 280, 450, 650, 230, 280, 490, 60, 210, 420, 590, 600]
Tardiness: 0
Energy Consumption: 637.5376666666666
Number of generations: 69
Calculation time of this iteration (s): 6.0409791469573975




ITERATION 6

BEST:
[4, 0, 2, 3, 4, 4, 0, 2, 1, 4, 3, 2, 1, 2, 0, 3, 5]
[3, 3, 0, 1, 2, 2, 0, 3, 2, 3, 0, 0, 3, 3, 1, 1, 2]
[10, 60, 230, 240, 430, 0, 60, 280, 460, 0, 230, 390, 0, 10, 30, 280, 430]
[60, 90, 390, 430, 460, 60, 280, 450, 660, 230, 280, 490, 10, 30, 240, 380, 610]
Tardiness: 4
Energy Consumption: 540.6835000000056
Number of generations: 93
Calculation time of this iteration (s): 7.759219408035278




ITERATION 7

BEST:
[4, 4, 1, 5, 4, 0, 2, 2, 0, 3, 3, 3, 1, 2, 0, 2, 4]
[3, 2, 2, 2, 0, 3, 1, 3, 0, 1, 0, 1, 3, 0, 1, 3, 0]
[10, 210, 420, 30, 280, 0, 60, 320, 490, 40, 270, 320, 0, 10, 30, 490, 220]
[60, 240, 580, 220, 310, 40, 280, 490, 690, 270, 320, 420, 10, 30, 210, 630, 400]
Tardiness: 0
Energy Consumption: 630.3728333333294
Number of generations: 100
Calculation time of this iteration (s): 8.25667142868042




ITERATION 8

BEST:
[0, 4, 2, 3, 3, 2, 0, 3, 0, 1, 2, 4, 1, 2, 4, 4, 5]
[3, 3, 0, 1, 0, 3, 0, 1, 1, 2, 0, 2, 3, 3, 2, 1, 2]
[0, 280, 380, 0, 280, 0, 60, 310, 480, 0, 230, 280, 50, 190, 210, 540, 420]
[50, 310, 540, 190, 310, 60, 280, 480, 680, 230, 280, 380, 60, 210, 420, 640, 600]
Tardiness: 0
Energy Consumption: 632.924333333335
Number of generations: 93
Calculation time of this iteration (s): 8.077445983886719




ITERATION 9

BEST:
[2, 4, 1, 3, 4, 0, 2, 4, 0, 5, 3, 3, 1, 2, 0, 4, 2]
[0, 3, 2, 1, 2, 3, 3, 2, 0, 2, 0, 1, 3, 0, 3, 0, 1]
[10, 60, 310, 0, 280, 0, 60, 280, 450, 0, 230, 280, 0, 190, 210, 450, 420]
[60, 90, 500, 190, 310, 60, 280, 450, 670, 230, 280, 380, 10, 210, 420, 590, 600]
Tardiness: 0
Energy Consumption: 637.701999999999
Number of generations: 84
Calculation time of this iteration (s): 7.774788856506348




ITERATION 10

BEST:
[0, 2, 1, 0, 4, 4, 2, 1, 4, 3, 3, 2, 2, 5, 4, 3, 0]
[3, 1, 2, 0, 3, 2, 3, 3, 2, 1, 0, 0, 3, 2, 0, 1, 1]
[0, 50, 420, 0, 280, 0, 60, 320, 490, 40, 270, 320, 50, 190, 210, 490, 420]
[50, 80, 580, 190, 310, 40, 280, 490, 690, 270, 320, 420, 60, 210, 420, 630, 600]
Tardiness: 0
Energy Consumption: 701.7109999999914
Number of generations: 42
Calculation time of this iteration (s): 5.272089958190918




SUMMARY


GLOBAL BEST:
[0, 4, 2, 1, 2, 1, 3, 4, 0, 0, 3, 3, 2, 4, 4, 5, 2]
[3, 3, 0, 2, 3, 3, 1, 2, 0, 3, 0, 1, 0, 2, 3, 2, 1]
[0, 60, 310, 0, 280, 0, 60, 280, 450, 0, 230, 280, 50, 190, 210, 500, 420]
[50, 90, 500, 190, 310, 60, 280, 450, 670, 230, 280, 380, 60, 210, 420, 600, 600]
Tardiness: 0
Energy Consumption: 579.2586666666673


Total execution time (s)
69.26789426803589
