
ITERATION 1

BEST:
[1, 4, 3, 0, 2, 2, 1, 4, 0, 3, 0, 1, 4, 4, 1, 5, 1, 0, 0, 3, 3, 3]
[3, 0, 4, 3, 4, 2, 0, 3, 0, 3, 5, 4, 1, 5, 0, 3, 1, 2, 3, 4, 0, 3]
[110, 330, 340, 410, 540, 0, 120, 330, 340, 470, 80, 110, 0, 300, 350, 530, 750, 0, 230, 300, 460, 350]
[230, 340, 410, 450, 640, 110, 330, 340, 470, 660, 110, 130, 80, 350, 530, 750, 840, 120, 300, 460, 520, 540]
Tardiness: 0
Energy Consumption: 772.1271666666648
Number of generations: 106
Calculation time of this iteration (s): 12.23277759552002




ITERATION 2

BEST:
[2, 4, 3, 1, 2, 4, 4, 4, 0, 1, 0, 1, 0, 0, 3, 5, 1, 3, 0, 1, 3, 3]
[4, 0, 4, 3, 2, 3, 4, 5, 3, 0, 0, 4, 5, 2, 3, 3, 0, 4, 3, 1, 0, 3]
[190, 330, 440, 510, 550, 0, 120, 380, 390, 520, 0, 30, 30, 310, 390, 570, 790, 0, 120, 190, 380, 360]
[310, 340, 510, 550, 650, 110, 330, 390, 520, 710, 30, 50, 110, 360, 570, 790, 880, 120, 190, 380, 440, 550]
Tardiness: 0
Energy Consumption: 767.7658333333359
Number of generations: 45
Calculation time of this iteration (s): 5.9356255531311035




ITERATION 3

BEST:
[1, 0, 3, 4, 1, 0, 2, 4, 2, 3, 0, 1, 4, 4, 1, 5, 3, 0, 0, 3, 3, 1]
[3, 3, 4, 0, 0, 0, 4, 3, 2, 3, 5, 4, 1, 5, 0, 3, 4, 2, 3, 0, 3, 1]
[110, 330, 340, 410, 540, 0, 120, 330, 340, 470, 80, 110, 0, 300, 350, 530, 750, 0, 230, 300, 460, 350]
[230, 340, 410, 450, 640, 110, 330, 340, 470, 660, 110, 130, 80, 350, 530, 750, 840, 120, 300, 460, 520, 540]
Tardiness: 0
Energy Consumption: 757.2469999999992
Number of generations: 93
Calculation time of this iteration (s): 9.491432428359985




ITERATION 4

BEST:
[1, 4, 3, 0, 2, 2, 1, 4, 0, 3, 0, 1, 4, 0, 1, 5, 1, 3, 4, 3, 0, 3]
[3, 0, 4, 3, 4, 2, 0, 3, 0, 3, 5, 4, 1, 2, 0, 3, 1, 4, 5, 0, 3, 3]
[110, 330, 340, 410, 540, 0, 120, 330, 340, 470, 80, 110, 0, 300, 350, 530, 750, 0, 230, 300, 460, 350]
[230, 340, 410, 450, 640, 110, 330, 340, 470, 660, 110, 130, 80, 350, 530, 750, 840, 120, 300, 460, 520, 540]
Tardiness: 0
Energy Consumption: 774.3449999999968
Number of generations: 77
Calculation time of this iteration (s): 7.977892875671387




ITERATION 5

BEST:
[2, 4, 1, 3, 2, 4, 1, 0, 4, 3, 0, 1, 0, 4, 3, 5, 0, 1, 0, 1, 3, 3]
[4, 0, 3, 4, 2, 3, 0, 3, 4, 3, 0, 4, 5, 5, 4, 3, 2, 0, 3, 1, 0, 3]
[190, 330, 340, 410, 550, 0, 120, 380, 390, 520, 0, 30, 30, 310, 390, 570, 790, 0, 120, 190, 410, 360]
[310, 340, 410, 450, 650, 110, 330, 390, 520, 710, 30, 50, 110, 360, 570, 790, 880, 120, 190, 380, 470, 550]
Tardiness: 0
Energy Consumption: 765.0273333333394
Number of generations: 84
Calculation time of this iteration (s): 9.132997274398804




ITERATION 6

BEST:
[2, 4, 1, 0, 2, 4, 1, 3, 4, 0, 0, 1, 1, 4, 3, 5, 1, 0, 0, 3, 3, 3]
[4, 0, 3, 3, 2, 3, 0, 4, 1, 0, 5, 4, 0, 5, 3, 3, 1, 2, 3, 4, 0, 3]
[110, 330, 340, 410, 540, 0, 120, 330, 340, 470, 0, 30, 30, 300, 350, 530, 750, 0, 230, 300, 460, 350]
[230, 340, 410, 450, 640, 110, 330, 340, 470, 660, 30, 50, 110, 350, 530, 750, 840, 120, 300, 460, 520, 540]
Tardiness: 0
Energy Consumption: 795.5301666666669
Number of generations: 67
Calculation time of this iteration (s): 7.191595554351807




ITERATION 7

BEST:
[1, 0, 3, 4, 1, 0, 2, 1, 4, 3, 4, 0, 2, 4, 1, 5, 3, 0, 0, 3, 3, 1]
[3, 3, 4, 0, 0, 0, 4, 4, 3, 3, 1, 5, 2, 5, 0, 3, 4, 2, 3, 0, 3, 1]
[110, 330, 340, 410, 540, 0, 120, 330, 340, 470, 80, 110, 0, 300, 350, 530, 750, 0, 230, 300, 460, 350]
[230, 340, 410, 450, 640, 110, 330, 340, 470, 660, 110, 130, 80, 350, 530, 750, 840, 120, 300, 460, 520, 540]
Tardiness: 0
Energy Consumption: 756.017999999999
Number of generations: 84
Calculation time of this iteration (s): 8.785141944885254




ITERATION 8

BEST:
[1, 3, 4, 4, 2, 1, 4, 0, 2, 3, 0, 1, 0, 0, 3, 5, 4, 1, 0, 3, 3, 1]
[3, 4, 0, 3, 4, 0, 4, 3, 2, 3, 0, 4, 5, 2, 4, 3, 5, 0, 3, 0, 3, 1]
[190, 330, 340, 410, 550, 0, 120, 380, 390, 520, 80, 110, 0, 310, 390, 570, 790, 0, 120, 190, 410, 360]
[310, 340, 410, 450, 650, 110, 330, 390, 520, 710, 110, 130, 80, 360, 570, 790, 880, 120, 190, 380, 470, 550]
Tardiness: 0
Energy Consumption: 753.1078333333331
Number of generations: 62
Calculation time of this iteration (s): 6.685255527496338




ITERATION 9

BEST:
[1, 4, 4, 3, 2, 4, 1, 0, 0, 3, 0, 1, 2, 4, 1, 5, 0, 3, 3, 1, 0, 3]
[3, 0, 3, 4, 4, 4, 0, 3, 0, 3, 5, 4, 2, 5, 0, 3, 2, 4, 0, 1, 3, 3]
[190, 330, 340, 410, 550, 0, 120, 380, 390, 520, 80, 110, 0, 310, 390, 570, 790, 0, 120, 190, 410, 360]
[310, 340, 410, 450, 650, 110, 330, 390, 520, 710, 110, 130, 80, 360, 570, 790, 880, 120, 190, 380, 470, 550]
Tardiness: 0
Energy Consumption: 747.2685000000009
Number of generations: 86
Calculation time of this iteration (s): 8.758339881896973




ITERATION 10

BEST:
[1, 4, 4, 3, 2, 4, 1, 0, 0, 3, 0, 1, 2, 4, 1, 5, 0, 3, 0, 3, 3, 1]
[3, 0, 3, 4, 4, 4, 0, 3, 0, 3, 5, 4, 2, 5, 0, 3, 2, 4, 3, 0, 3, 1]
[190, 330, 340, 410, 550, 0, 120, 380, 390, 520, 80, 110, 0, 310, 390, 570, 790, 0, 120, 190, 410, 360]
[310, 340, 410, 450, 650, 110, 330, 390, 520, 710, 110, 130, 80, 360, 570, 790, 880, 120, 190, 380, 470, 550]
Tardiness: 0
Energy Consumption: 741.4448333333288
Number of generations: 85
Calculation time of this iteration (s): 8.866307735443115




SUMMARY


GLOBAL BEST:
[1, 4, 4, 3, 2, 4, 1, 0, 0, 3, 0, 1, 2, 4, 1, 5, 0, 3, 0, 3, 3, 1]
[3, 0, 3, 4, 4, 4, 0, 3, 0, 3, 5, 4, 2, 5, 0, 3, 2, 4, 3, 0, 3, 1]
[190, 330, 340, 410, 550, 0, 120, 380, 390, 520, 80, 110, 0, 310, 390, 570, 790, 0, 120, 190, 410, 360]
[310, 340, 410, 450, 650, 110, 330, 390, 520, 710, 110, 130, 80, 360, 570, 790, 880, 120, 190, 380, 470, 550]
Tardiness: 0
Energy Consumption: 741.4448333333288


Total execution time (s)
85.05736637115479
