
ITERATION 1

BEST:
[3, 3, 1, 2, 3, 0, 5, 4, 2, 1, 2, 1, 3, 5, 3, 2, 4]
[0, 3, 0, 2, 2, 1, 0, 1, 1, 3, 3, 2, 3, 1, 0, 2, 3]
[0, 10, 110, 350, 0, 230, 260, 490, 0, 10, 120, 410, 550, 170, 550, 110, 250]
[170, 110, 260, 490, 120, 250, 410, 680, 10, 40, 350, 550, 650, 230, 620, 150, 480]
Tardiness: 0
Energy Consumption: 473.1975000000018
Number of generations: 98
Calculation time of this iteration (s): 8.6340651512146




ITERATION 2

BEST:
[3, 3, 1, 2, 5, 0, 2, 4, 1, 3, 2, 3, 4, 5, 1, 2, 3]
[0, 3, 0, 2, 0, 1, 0, 1, 3, 0, 3, 3, 3, 1, 2, 2, 0]
[0, 10, 110, 260, 0, 150, 260, 410, 0, 10, 210, 420, 560, 170, 560, 110, 230]
[170, 110, 260, 400, 120, 210, 410, 600, 10, 40, 420, 560, 660, 230, 630, 150, 460]
Tardiness: 0
Energy Consumption: 500.8741666666648
Number of generations: 87
Calculation time of this iteration (s): 7.7226338386535645




ITERATION 3

BEST:
[3, 0, 1, 4, 5, 3, 2, 3, 1, 2, 2, 1, 3, 5, 3, 2, 4]
[0, 1, 0, 1, 0, 3, 2, 2, 3, 1, 3, 2, 3, 1, 0, 2, 3]
[0, 10, 110, 350, 0, 230, 260, 490, 0, 10, 120, 410, 550, 170, 550, 110, 250]
[170, 110, 260, 490, 120, 250, 410, 680, 10, 40, 350, 550, 650, 230, 620, 150, 480]
Tardiness: 0
Energy Consumption: 513.241000000003
Number of generations: 33
Calculation time of this iteration (s): 3.1446406841278076




ITERATION 4

BEST:
[3, 3, 1, 2, 1, 0, 5, 4, 2, 3, 2, 1, 3, 5, 3, 2, 4]
[0, 3, 0, 2, 3, 1, 0, 1, 1, 0, 3, 2, 3, 1, 0, 2, 3]
[0, 10, 110, 260, 0, 230, 260, 410, 0, 10, 150, 410, 550, 170, 550, 110, 250]
[170, 110, 260, 400, 120, 250, 410, 600, 10, 40, 360, 550, 650, 230, 620, 150, 480]
Tardiness: 0
Energy Consumption: 482.1436666666709
Number of generations: 66
Calculation time of this iteration (s): 5.901182651519775




ITERATION 5

BEST:
[3, 3, 1, 2, 5, 0, 3, 4, 2, 1, 2, 1, 3, 5, 3, 2, 4]
[0, 3, 0, 2, 0, 1, 2, 1, 1, 3, 3, 2, 3, 1, 0, 2, 3]
[0, 10, 110, 350, 0, 230, 260, 490, 0, 10, 120, 410, 550, 170, 550, 110, 250]
[170, 110, 260, 490, 120, 250, 410, 680, 10, 40, 350, 550, 650, 230, 620, 150, 480]
Tardiness: 0
Energy Consumption: 473.87783333333664
Number of generations: 75
Calculation time of this iteration (s): 6.258841514587402




ITERATION 6

BEST:
[3, 3, 1, 2, 5, 0, 1, 4, 2, 3, 2, 3, 4, 5, 1, 2, 3]
[0, 3, 0, 2, 0, 1, 3, 1, 1, 0, 3, 3, 3, 1, 2, 2, 0]
[0, 10, 110, 260, 0, 230, 260, 410, 0, 10, 150, 410, 550, 170, 550, 110, 250]
[170, 110, 260, 400, 120, 250, 410, 600, 10, 40, 360, 550, 650, 230, 620, 150, 480]
Tardiness: 0
Energy Consumption: 491.7303333333307
Number of generations: 89
Calculation time of this iteration (s): 7.572772026062012




ITERATION 7

BEST:
[3, 3, 1, 2, 5, 0, 3, 4, 2, 1, 2, 1, 4, 5, 3, 2, 3]
[0, 3, 0, 2, 0, 1, 2, 1, 1, 3, 3, 2, 0, 1, 3, 2, 0]
[0, 10, 110, 350, 0, 230, 260, 490, 0, 10, 120, 410, 550, 170, 230, 110, 250]
[170, 110, 260, 490, 120, 250, 410, 680, 10, 40, 350, 550, 650, 230, 360, 150, 480]
Tardiness: 0
Energy Consumption: 490.6123333333312
Number of generations: 68
Calculation time of this iteration (s): 6.178335666656494




ITERATION 8

BEST:
[3, 0, 1, 2, 5, 3, 1, 4, 2, 3, 2, 3, 4, 5, 1, 2, 3]
[0, 1, 0, 2, 0, 3, 3, 1, 1, 0, 3, 3, 3, 1, 2, 2, 0]
[0, 10, 110, 260, 0, 230, 260, 410, 0, 10, 150, 410, 550, 170, 550, 110, 250]
[170, 110, 260, 400, 120, 250, 410, 600, 10, 40, 360, 550, 650, 230, 620, 150, 480]
Tardiness: 0
Energy Consumption: 496.69616666666434
Number of generations: 55
Calculation time of this iteration (s): 4.875112295150757




ITERATION 9

BEST:
[3, 0, 1, 2, 5, 3, 3, 4, 2, 1, 2, 1, 3, 5, 3, 2, 4]
[0, 1, 0, 2, 0, 3, 2, 1, 1, 3, 3, 2, 3, 1, 0, 2, 3]
[0, 10, 110, 350, 0, 230, 260, 490, 0, 10, 120, 410, 550, 170, 550, 110, 250]
[170, 110, 260, 490, 120, 250, 410, 680, 10, 40, 350, 550, 650, 230, 620, 150, 480]
Tardiness: 0
Energy Consumption: 478.8436666666704
Number of generations: 76
Calculation time of this iteration (s): 6.757336139678955




ITERATION 10

BEST:
[3, 3, 1, 2, 1, 0, 5, 4, 2, 3, 2, 3, 4, 5, 1, 2, 3]
[0, 3, 0, 2, 3, 1, 0, 1, 1, 0, 3, 3, 3, 1, 2, 2, 0]
[0, 10, 110, 260, 0, 230, 260, 410, 0, 10, 150, 410, 550, 170, 550, 110, 250]
[170, 110, 260, 400, 120, 250, 410, 600, 10, 40, 360, 550, 650, 230, 620, 150, 480]
Tardiness: 0
Energy Consumption: 489.8626666666628
Number of generations: 81
Calculation time of this iteration (s): 6.857583284378052




SUMMARY


GLOBAL BEST:
[3, 3, 1, 2, 3, 0, 5, 4, 2, 1, 2, 1, 3, 5, 3, 2, 4]
[0, 3, 0, 2, 2, 1, 0, 1, 1, 3, 3, 2, 3, 1, 0, 2, 3]
[0, 10, 110, 350, 0, 230, 260, 490, 0, 10, 120, 410, 550, 170, 550, 110, 250]
[170, 110, 260, 490, 120, 250, 410, 680, 10, 40, 350, 550, 650, 230, 620, 150, 480]
Tardiness: 0
Energy Consumption: 473.1975000000018


Total execution time (s)
63.90250325202942
