
ITERATION 1

BEST:
[2, 0, 0, 2, 4, 5, 4, 3, 2, 5, 3, 5, 3, 4, 1, 4, 4]
[3, 1, 2, 1, 3, 0, 2, 1, 0, 3, 0, 1, 2, 3, 1, 2, 2]
[0, 20, 350, 0, 20, 90, 90, 250, 260, 20, 170, 250, 350, 510, 0, 150, 250]
[20, 170, 440, 20, 90, 230, 250, 260, 290, 150, 240, 350, 510, 520, 60, 250, 350]
Tardiness: 0
Energy Consumption: 451.61849999999424
Number of generations: 115
Calculation time of this iteration (s): 8.079708576202393




ITERATION 2

BEST:
[4, 0, 2, 2, 0, 5, 4, 3, 2, 1, 4, 4, 5, 3, 4, 3, 5]
[3, 1, 3, 1, 0, 0, 2, 1, 0, 1, 3, 2, 3, 0, 2, 2, 0]
[0, 20, 380, 130, 150, 220, 220, 380, 470, 0, 130, 200, 300, 460, 140, 300, 400]
[20, 140, 470, 150, 220, 360, 380, 390, 500, 130, 200, 300, 460, 470, 200, 400, 500]
Tardiness: 0
Energy Consumption: 494.55333333332936
Number of generations: 78
Calculation time of this iteration (s): 5.389615774154663




ITERATION 3

BEST:
[4, 0, 2, 2, 5, 0, 4, 3, 2, 5, 3, 1, 3, 4, 5, 4, 4]
[3, 1, 1, 1, 0, 2, 2, 1, 0, 3, 0, 1, 2, 3, 1, 2, 2]
[0, 20, 310, 20, 80, 150, 150, 310, 320, 0, 170, 240, 350, 510, 0, 130, 400]
[20, 170, 400, 80, 150, 290, 310, 320, 350, 130, 240, 340, 510, 520, 60, 230, 500]
Tardiness: 0
Energy Consumption: 453.2521666666621
Number of generations: 76
Calculation time of this iteration (s): 5.1242592334747314




ITERATION 4

BEST:
[2, 0, 5, 2, 0, 4, 4, 3, 2, 5, 3, 1, 3, 4, 5, 4, 4]
[3, 1, 0, 1, 0, 3, 2, 1, 0, 3, 0, 1, 2, 3, 1, 2, 2]
[0, 60, 250, 0, 20, 180, 90, 320, 330, 20, 150, 250, 360, 520, 0, 150, 340]
[20, 180, 340, 20, 90, 320, 250, 330, 360, 150, 220, 350, 520, 530, 60, 250, 440]
Tardiness: 0
Energy Consumption: 473.31316666666146
Number of generations: 92
Calculation time of this iteration (s): 6.0314717292785645




ITERATION 5

BEST:
[4, 0, 5, 1, 5, 0, 2, 2, 2, 4, 3, 4, 5, 3, 4, 3, 4]
[3, 1, 0, 1, 3, 2, 1, 1, 0, 2, 1, 3, 0, 0, 1, 2, 2]
[0, 20, 20, 110, 170, 240, 240, 480, 490, 0, 170, 240, 400, 520, 0, 130, 380]
[20, 170, 110, 170, 240, 380, 400, 490, 520, 130, 240, 340, 510, 530, 60, 230, 480]
Tardiness: 0
Energy Consumption: 485.06300000000203
Number of generations: 77
Calculation time of this iteration (s): 5.338932514190674




ITERATION 6

BEST:
[2, 0, 5, 2, 2, 0, 4, 3, 3, 1, 5, 4, 3, 4, 5, 4, 4]
[3, 1, 0, 1, 0, 2, 3, 1, 0, 1, 3, 2, 2, 3, 1, 2, 2]
[0, 20, 250, 0, 20, 90, 90, 250, 260, 20, 170, 250, 350, 510, 0, 150, 340]
[20, 170, 340, 20, 90, 230, 250, 260, 290, 150, 240, 350, 510, 520, 60, 250, 440]
Tardiness: 0
Energy Consumption: 477.14199999999084
Number of generations: 69
Calculation time of this iteration (s): 4.924371957778931




ITERATION 7

BEST:
[2, 0, 2, 3, 4, 5, 0, 2, 3, 4, 5, 5, 3, 4, 1, 4, 4]
[3, 1, 1, 1, 3, 0, 2, 0, 0, 2, 3, 1, 2, 3, 1, 2, 2]
[0, 20, 350, 0, 20, 90, 90, 250, 260, 20, 170, 250, 350, 510, 0, 150, 250]
[20, 170, 440, 20, 90, 230, 250, 260, 290, 150, 240, 350, 510, 520, 60, 250, 350]
Tardiness: 0
Energy Consumption: 436.8083333333303
Number of generations: 114
Calculation time of this iteration (s): 7.48953104019165




ITERATION 8

BEST:
[2, 0, 5, 2, 4, 0, 4, 3, 2, 1, 5, 3, 3, 5, 4, 4, 4]
[3, 1, 0, 1, 3, 2, 2, 1, 0, 1, 3, 0, 2, 0, 3, 0, 2]
[0, 20, 250, 0, 20, 90, 90, 250, 260, 20, 170, 250, 360, 520, 0, 150, 260]
[20, 170, 340, 20, 90, 230, 250, 260, 290, 150, 240, 350, 520, 530, 60, 250, 360]
Tardiness: 0
Energy Consumption: 477.53049999999706
Number of generations: 88
Calculation time of this iteration (s): 6.188857316970825




ITERATION 9

BEST:
[2, 0, 4, 1, 2, 5, 0, 3, 2, 4, 5, 4, 5, 3, 3, 4, 4]
[3, 1, 3, 1, 1, 0, 2, 1, 0, 2, 3, 3, 1, 0, 2, 0, 2]
[0, 20, 20, 0, 110, 180, 180, 340, 350, 20, 170, 250, 350, 510, 0, 150, 340]
[20, 170, 110, 20, 180, 320, 340, 350, 380, 150, 240, 350, 510, 520, 60, 250, 440]
Tardiness: 0
Energy Consumption: 460.9806666666627
Number of generations: 98
Calculation time of this iteration (s): 6.522523641586304




ITERATION 10

BEST:
[2, 0, 2, 5, 3, 0, 1, 2, 3, 4, 5, 5, 4, 4, 3, 4, 4]
[3, 1, 1, 0, 1, 2, 1, 0, 0, 3, 3, 1, 2, 3, 2, 2, 2]
[0, 20, 250, 0, 20, 90, 90, 250, 260, 20, 170, 250, 350, 510, 0, 150, 340]
[20, 170, 340, 20, 90, 230, 250, 260, 290, 150, 240, 350, 510, 520, 60, 250, 440]
Tardiness: 0
Energy Consumption: 487.0338333333289
Number of generations: 34
Calculation time of this iteration (s): 2.6597976684570312




SUMMARY


GLOBAL BEST:
[2, 0, 2, 3, 4, 5, 0, 2, 3, 4, 5, 5, 3, 4, 1, 4, 4]
[3, 1, 1, 1, 3, 0, 2, 0, 0, 2, 3, 1, 2, 3, 1, 2, 2]
[0, 20, 350, 0, 20, 90, 90, 250, 260, 20, 170, 250, 350, 510, 0, 150, 250]
[20, 170, 440, 20, 90, 230, 250, 260, 290, 150, 240, 350, 510, 520, 60, 250, 350]
Tardiness: 0
Energy Consumption: 436.8083333333303


Total execution time (s)
57.74906945228577
