
ITERATION 5


BEST:
[7, 6, 3, 6, 4, 0, 4, 7, 5, 1, 5, 3, 2, 9, 8, 0, 8, 0, 3, 6, 1, 6, 4, 3, 1, 7, 4, 6, 3, 2, 4]
[9, 9, 1, 6, 8, 2, 7, 4, 1, 1, 8, 6, 0, 5, 9, 3, 7, 8, 0, 4, 9, 0, 5, 2, 7, 9, 4, 9, 0, 6, 7]
[0, 130, 280, 110, 190, 250, 0, 230, 0, 100, 230, 300, 330, 0, 20, 70, 270, 400, 30, 110, 10, 30, 150, 300, 310, 0, 10, 250, 30, 70, 0]
[130, 190, 450, 190, 250, 370, 230, 400, 30, 160, 300, 330, 480, 20, 70, 180, 400, 480, 110, 280, 30, 100, 270, 310, 420, 10, 150, 260, 60, 220, 40]
Tardiness: 12
Energy Consumption: 567.8188333333375
Number of generations: 142
Calculation time of this iteration (s): 15.225339651107788
