
ITERATION 1

BEST:
[7, 1, 4, 0, 7, 2, 5, 6, 6, 3, 5, 2, 1, 0, 0, 6, 2, 4, 4, 2, 5]
[4, 6, 2, 0, 3, 4, 2, 1, 0, 6, 7, 3, 2, 3, 2, 8, 5, 0, 2, 7, 6]
[0, 230, 410, 0, 190, 50, 90, 200, 420, 140, 0, 270, 430, 70, 190, 420, 0, 230, 270, 0, 50]
[230, 400, 430, 140, 410, 70, 200, 350, 510, 320, 70, 280, 660, 190, 420, 510, 120, 270, 490, 50, 90]
Tardiness: 0
Energy Consumption: 602.5618333333302
Number of generations: 47
Calculation time of this iteration (s): 5.115255832672119




ITERATION 2

BEST:
[7, 1, 5, 3, 5, 4, 2, 2, 0, 1, 6, 4, 7, 0, 2, 6, 0, 6, 4, 2, 5]
[4, 6, 2, 6, 7, 2, 4, 3, 8, 2, 1, 0, 3, 3, 5, 0, 2, 8, 2, 7, 6]
[0, 220, 410, 0, 190, 50, 70, 180, 350, 140, 120, 190, 430, 0, 120, 350, 0, 200, 240, 0, 180]
[170, 390, 430, 140, 410, 70, 180, 330, 440, 320, 190, 200, 660, 120, 350, 440, 120, 240, 460, 50, 220]
Tardiness: 0
Energy Consumption: 575.9605000000013
Number of generations: 127
Calculation time of this iteration (s): 12.15616488456726




ITERATION 3

BEST:
[7, 1, 5, 5, 0, 4, 1, 2, 2, 0, 3, 4, 2, 6, 7, 2, 0, 6, 4, 6, 5]
[4, 6, 2, 7, 0, 2, 2, 4, 3, 3, 6, 0, 5, 8, 3, 7, 2, 0, 2, 8, 6]
[0, 230, 410, 0, 190, 50, 70, 180, 350, 140, 120, 230, 430, 0, 120, 350, 0, 240, 280, 0, 400]
[230, 400, 430, 140, 410, 70, 180, 330, 440, 320, 190, 240, 660, 120, 350, 440, 200, 280, 500, 50, 440]
Tardiness: 0
Energy Consumption: 556.3364999999997
Number of generations: 83
Calculation time of this iteration (s): 7.900721311569214




ITERATION 4

BEST:
[4, 1, 4, 0, 3, 5, 2, 5, 2, 2, 7, 5, 1, 0, 4, 6, 0, 2, 7, 6, 6]
[5, 6, 0, 8, 6, 2, 4, 7, 3, 5, 4, 6, 2, 3, 2, 1, 2, 7, 3, 0, 8]
[0, 170, 590, 0, 140, 0, 20, 210, 360, 140, 0, 210, 360, 0, 120, 350, 0, 220, 260, 20, 340]
[170, 340, 610, 140, 360, 20, 130, 360, 450, 320, 210, 220, 590, 120, 350, 440, 120, 260, 480, 70, 380]
Tardiness: 0
Energy Consumption: 598.7441666666671
Number of generations: 46
Calculation time of this iteration (s): 4.873800992965698




ITERATION 5

BEST:
[1, 7, 4, 3, 7, 5, 2, 0, 6, 1, 2, 4, 2, 0, 0, 6, 5, 6, 4, 5, 2]
[6, 4, 2, 6, 3, 2, 4, 8, 1, 2, 3, 0, 5, 3, 2, 0, 7, 8, 2, 6, 7]
[0, 200, 410, 0, 190, 50, 90, 200, 420, 140, 0, 70, 430, 70, 190, 420, 0, 120, 170, 0, 50]
[170, 370, 430, 140, 410, 70, 200, 350, 510, 320, 70, 80, 660, 190, 420, 510, 120, 160, 390, 50, 90]
Tardiness: 0
Energy Consumption: 596.4066666666699
Number of generations: 39
Calculation time of this iteration (s): 3.9343619346618652




ITERATION 6

BEST:
[7, 1, 5, 5, 0, 2, 2, 3, 4, 1, 6, 5, 7, 0, 2, 6, 0, 4, 4, 2, 6]
[4, 6, 2, 7, 0, 4, 3, 6, 2, 2, 1, 6, 3, 3, 5, 0, 2, 0, 2, 7, 8]
[0, 230, 410, 0, 190, 50, 70, 180, 350, 140, 120, 270, 430, 0, 120, 350, 0, 230, 270, 0, 180]
[230, 400, 430, 140, 410, 70, 180, 330, 440, 320, 190, 280, 660, 120, 350, 440, 120, 270, 490, 50, 220]
Tardiness: 0
Energy Consumption: 553.8539999999985
Number of generations: 115
Calculation time of this iteration (s): 11.23976731300354




ITERATION 7

BEST:
[7, 0, 5, 5, 7, 4, 1, 3, 2, 2, 6, 5, 1, 0, 2, 2, 0, 4, 4, 6, 6]
[4, 8, 2, 7, 3, 2, 6, 6, 4, 3, 1, 6, 2, 3, 5, 7, 2, 0, 2, 0, 8]
[0, 200, 410, 0, 190, 50, 90, 200, 350, 140, 120, 190, 430, 0, 120, 350, 0, 200, 240, 0, 50]
[170, 370, 430, 140, 410, 70, 200, 350, 440, 320, 190, 200, 660, 120, 350, 440, 120, 240, 460, 50, 90]
Tardiness: 0
Energy Consumption: 577.4756666666626
Number of generations: 119
Calculation time of this iteration (s): 11.238372087478638




ITERATION 8

BEST:
[7, 1, 5, 5, 3, 4, 2, 2, 6, 1, 0, 5, 7, 0, 2, 4, 0, 6, 4, 6, 2]
[4, 6, 2, 7, 6, 2, 4, 3, 1, 2, 8, 6, 3, 3, 5, 0, 2, 0, 2, 8, 7]
[0, 220, 410, 0, 190, 50, 70, 180, 350, 140, 120, 190, 430, 0, 120, 350, 0, 200, 240, 0, 180]
[170, 390, 430, 140, 410, 70, 180, 330, 440, 320, 190, 200, 660, 120, 350, 440, 120, 240, 460, 50, 220]
Tardiness: 0
Energy Consumption: 579.7365000000011
Number of generations: 113
Calculation time of this iteration (s): 10.440812349319458




ITERATION 9

BEST:
[7, 0, 2, 2, 7, 5, 1, 5, 3, 4, 2, 4, 6, 0, 1, 6, 0, 6, 4, 5, 2]
[4, 0, 4, 3, 3, 2, 6, 7, 6, 5, 5, 0, 8, 3, 2, 0, 2, 8, 2, 6, 7]
[0, 230, 400, 0, 140, 50, 70, 210, 360, 140, 0, 230, 420, 0, 120, 350, 0, 240, 280, 0, 180]
[230, 400, 420, 140, 360, 70, 180, 360, 450, 320, 210, 240, 650, 120, 350, 440, 200, 280, 500, 50, 220]
Tardiness: 0
Energy Consumption: 563.0733333333318
Number of generations: 47
Calculation time of this iteration (s): 5.001495361328125




ITERATION 10

BEST:
[7, 4, 5, 0, 7, 6, 2, 1, 2, 2, 3, 4, 1, 5, 4, 6, 0, 5, 0, 6, 2]
[4, 5, 2, 0, 3, 1, 4, 6, 3, 5, 6, 0, 2, 7, 2, 0, 3, 6, 2, 8, 7]
[0, 230, 590, 0, 140, 50, 90, 210, 360, 140, 0, 230, 360, 0, 120, 350, 0, 240, 280, 0, 50]
[230, 400, 610, 140, 360, 70, 200, 360, 450, 320, 210, 240, 590, 120, 350, 440, 120, 280, 500, 50, 90]
Tardiness: 0
Energy Consumption: 578.3830000000031
Number of generations: 59
Calculation time of this iteration (s): 6.066286087036133




SUMMARY


GLOBAL BEST:
[7, 1, 5, 5, 0, 2, 2, 3, 4, 1, 6, 5, 7, 0, 2, 6, 0, 4, 4, 2, 6]
[4, 6, 2, 7, 0, 4, 3, 6, 2, 2, 1, 6, 3, 3, 5, 0, 2, 0, 2, 7, 8]
[0, 230, 410, 0, 190, 50, 70, 180, 350, 140, 120, 270, 430, 0, 120, 350, 0, 230, 270, 0, 180]
[230, 400, 430, 140, 410, 70, 180, 330, 440, 320, 190, 280, 660, 120, 350, 440, 120, 270, 490, 50, 220]
Tardiness: 0
Energy Consumption: 553.8539999999985


Total execution time (s)
77.96703815460205
