
ITERATION 1

BEST:
[3, 1, 7, 5, 6, 5, 4, 2, 2, 0, 4, 2, 7, 0, 7, 2, 3, 3, 5, 6, 5, 6, 1, 3, 5, 0, 0, 1, 7, 1, 6]
[7, 0, 4, 9, 6, 1, 0, 2, 5, 9, 6, 3, 0, 1, 7, 5, 1, 3, 4, 2, 2, 6, 9, 0, 7, 8, 1, 4, 1, 2, 3]
[10, 90, 240, 320, 0, 90, 270, 400, 0, 30, 80, 190, 0, 240, 280, 290, 40, 150, 0, 10, 90, 240, 350, 0, 150, 240, 460, 0, 140, 270, 350]
[90, 240, 320, 340, 40, 270, 400, 410, 30, 80, 190, 380, 10, 280, 290, 320, 140, 200, 10, 90, 100, 350, 500, 150, 240, 460, 540, 70, 270, 350, 420]
Tardiness: 0
Energy Consumption: 702.3819999999942
Number of generations: 211
Calculation time of this iteration (s): 23.720779180526733




ITERATION 2

BEST:
[3, 4, 6, 5, 3, 5, 1, 2, 0, 2, 7, 7, 4, 0, 3, 6, 1, 2, 1, 5, 5, 6, 7, 3, 0, 1, 5, 0, 2, 7, 6]
[7, 0, 6, 9, 1, 3, 7, 2, 8, 5, 4, 9, 8, 1, 3, 9, 2, 3, 6, 9, 2, 7, 4, 0, 3, 2, 7, 1, 5, 1, 3]
[0, 100, 250, 290, 10, 70, 220, 360, 0, 30, 100, 210, 0, 10, 90, 100, 0, 100, 0, 10, 240, 250, 370, 0, 150, 240, 370, 0, 70, 140, 340]
[100, 250, 290, 310, 70, 220, 230, 370, 30, 80, 210, 400, 10, 50, 100, 130, 100, 250, 10, 90, 250, 360, 520, 150, 240, 370, 450, 70, 140, 340, 410]
Tardiness: 0
Energy Consumption: 677.9261666666664
Number of generations: 170
Calculation time of this iteration (s): 18.437126398086548




ITERATION 3

BEST:
[3, 2, 6, 5, 7, 0, 3, 1, 6, 0, 5, 0, 5, 3, 0, 2, 7, 6, 5, 2, 2, 4, 7, 4, 3, 1, 1, 5, 6, 7, 1]
[7, 1, 6, 9, 4, 9, 0, 3, 2, 1, 7, 8, 4, 3, 1, 5, 9, 7, 2, 3, 5, 0, 4, 6, 0, 9, 6, 7, 3, 1, 2]
[10, 90, 240, 320, 0, 160, 340, 350, 0, 90, 140, 250, 0, 10, 50, 150, 50, 150, 0, 10, 170, 240, 370, 0, 150, 240, 370, 0, 90, 180, 380]
[90, 240, 320, 340, 50, 340, 350, 360, 90, 140, 250, 440, 10, 50, 60, 180, 150, 200, 10, 170, 180, 350, 520, 150, 240, 370, 450, 70, 160, 380, 450]
Tardiness: 0
Energy Consumption: 637.874500000004
Number of generations: 178
Calculation time of this iteration (s): 19.962655544281006




ITERATION 4

BEST:
[0, 1, 7, 2, 6, 7, 5, 7, 2, 3, 4, 2, 0, 6, 2, 6, 5, 5, 5, 3, 3, 1, 4, 7, 1, 3, 1, 6, 5, 0, 0]
[9, 0, 4, 2, 6, 9, 6, 7, 5, 7, 0, 3, 1, 2, 5, 7, 3, 4, 2, 1, 3, 9, 6, 1, 7, 0, 2, 5, 7, 3, 1]
[0, 80, 290, 350, 0, 150, 370, 390, 0, 30, 80, 190, 230, 240, 280, 290, 40, 180, 150, 190, 270, 280, 390, 0, 150, 240, 380, 0, 80, 150, 280]
[80, 230, 330, 370, 40, 330, 380, 400, 30, 80, 190, 380, 240, 280, 290, 320, 140, 230, 180, 270, 280, 390, 540, 150, 240, 370, 480, 70, 150, 230, 350]
Tardiness: 12
Energy Consumption: 586.8373333333284
Number of generations: 224
Calculation time of this iteration (s): 22.783462047576904




ITERATION 5

BEST:
[6, 1, 3, 2, 7, 3, 5, 3, 2, 1, 0, 5, 5, 0, 7, 1, 1, 6, 7, 2, 5, 4, 7, 0, 5, 3, 6, 6, 4, 2, 0]
[6, 0, 7, 2, 4, 1, 9, 3, 5, 2, 9, 7, 4, 1, 0, 7, 2, 9, 7, 3, 6, 0, 1, 8, 9, 0, 7, 3, 6, 5, 1]
[10, 90, 240, 350, 0, 40, 190, 200, 0, 30, 80, 190, 0, 10, 50, 300, 200, 330, 0, 10, 170, 180, 330, 0, 150, 280, 410, 0, 70, 200, 280]
[90, 240, 320, 370, 40, 190, 200, 210, 30, 80, 190, 380, 10, 50, 60, 330, 300, 380, 10, 170, 180, 330, 530, 150, 240, 410, 490, 70, 200, 280, 350]
Tardiness: 2
Energy Consumption: 632.1410000000042
Number of generations: 191
Calculation time of this iteration (s): 20.446004629135132




ITERATION 6

BEST:
[4, 2, 6, 5, 7, 5, 3, 0, 2, 6, 7, 2, 3, 2, 7, 3, 5, 0, 5, 0, 0, 6, 4, 1, 1, 7, 5, 1, 3, 1, 6]
[0, 7, 6, 9, 4, 1, 4, 8, 5, 2, 9, 3, 0, 5, 7, 3, 9, 1, 2, 3, 1, 7, 6, 0, 9, 1, 7, 6, 0, 2, 3]
[0, 100, 250, 290, 180, 220, 400, 410, 0, 60, 110, 220, 70, 140, 220, 230, 0, 150, 0, 10, 140, 240, 370, 0, 150, 240, 370, 0, 70, 140, 310]
[100, 250, 290, 310, 220, 400, 410, 420, 60, 110, 220, 410, 140, 180, 230, 260, 100, 200, 10, 90, 150, 350, 520, 150, 240, 370, 450, 70, 140, 220, 380]
Tardiness: 0
Energy Consumption: 625.4574999999963
Number of generations: 155
Calculation time of this iteration (s): 16.846766710281372




ITERATION 7

BEST:
[5, 2, 5, 1, 2, 1, 6, 4, 7, 3, 2, 0, 7, 0, 0, 3, 3, 6, 7, 0, 6, 2, 5, 5, 6, 7, 4, 5, 3, 1, 1]
[9, 7, 3, 0, 5, 2, 6, 0, 4, 7, 3, 8, 9, 1, 3, 0, 3, 2, 8, 1, 7, 5, 4, 6, 5, 1, 6, 9, 0, 4, 2]
[0, 100, 250, 290, 0, 40, 190, 320, 0, 60, 110, 220, 60, 140, 290, 300, 40, 300, 0, 10, 90, 150, 300, 0, 190, 280, 410, 0, 70, 140, 340]
[100, 250, 290, 310, 40, 190, 320, 330, 60, 110, 220, 410, 70, 180, 300, 330, 140, 350, 10, 90, 100, 300, 500, 150, 280, 410, 510, 70, 140, 340, 410]
Tardiness: 0
Energy Consumption: 1014.8155000000165
Number of generations: 87
Calculation time of this iteration (s): 11.724537134170532




ITERATION 8

BEST:
[3, 3, 7, 1, 6, 4, 2, 5, 3, 2, 3, 2, 6, 0, 2, 0, 5, 1, 1, 0, 0, 1, 4, 7, 6, 7, 5, 6, 5, 7, 5]
[7, 1, 4, 3, 6, 0, 2, 9, 3, 5, 0, 3, 3, 9, 5, 1, 7, 2, 7, 8, 1, 2, 6, 9, 7, 4, 9, 3, 2, 1, 7]
[10, 90, 240, 320, 0, 50, 200, 210, 0, 30, 80, 190, 0, 10, 50, 100, 0, 150, 0, 10, 170, 220, 410, 0, 190, 280, 410, 0, 90, 160, 360]
[90, 240, 320, 340, 50, 200, 210, 220, 30, 80, 190, 380, 10, 50, 60, 130, 100, 200, 10, 170, 180, 330, 560, 150, 280, 410, 490, 70, 160, 360, 430]
Tardiness: 32
Energy Consumption: 603.4336666666692
Number of generations: 198
Calculation time of this iteration (s): 21.772674798965454




ITERATION 9

BEST:
[3, 1, 2, 5, 2, 5, 7, 6, 1, 0, 2, 7, 1, 0, 7, 2, 0, 5, 0, 6, 5, 4, 7, 4, 5, 1, 3, 6, 3, 3, 6]
[7, 0, 7, 9, 5, 3, 4, 6, 2, 9, 3, 9, 6, 1, 7, 5, 8, 9, 1, 9, 2, 0, 1, 6, 9, 2, 0, 7, 3, 0, 5]
[10, 90, 240, 320, 0, 40, 190, 300, 10, 70, 120, 230, 0, 140, 230, 240, 40, 200, 0, 10, 160, 190, 300, 0, 170, 260, 420, 0, 90, 160, 340]
[90, 240, 320, 340, 40, 190, 200, 310, 70, 120, 230, 420, 10, 180, 240, 270, 140, 250, 10, 90, 170, 300, 500, 150, 260, 390, 520, 70, 160, 240, 410]
Tardiness: 0
Energy Consumption: 545.0078333333303
Number of generations: 211
Calculation time of this iteration (s): 21.23198699951172




ITERATION 10

BEST:
[3, 1, 7, 5, 6, 5, 0, 5, 2, 2, 2, 7, 7, 3, 3, 0, 4, 1, 1, 2, 5, 6, 0, 4, 3, 7, 5, 0, 6, 1, 6]
[7, 0, 4, 9, 6, 1, 9, 4, 2, 5, 3, 9, 7, 0, 3, 1, 0, 2, 6, 5, 2, 9, 8, 6, 0, 1, 9, 1, 7, 2, 5]
[10, 90, 240, 320, 0, 40, 190, 300, 0, 30, 80, 190, 0, 40, 190, 200, 80, 200, 0, 10, 90, 190, 300, 0, 160, 250, 380, 0, 90, 160, 240]
[90, 240, 320, 340, 40, 190, 200, 310, 30, 80, 190, 380, 10, 80, 200, 230, 180, 250, 10, 90, 100, 300, 500, 150, 250, 380, 480, 70, 160, 240, 310]
Tardiness: 0
Energy Consumption: 581.4901666666674
Number of generations: 147
Calculation time of this iteration (s): 15.554066181182861




SUMMARY


GLOBAL BEST:
[3, 1, 2, 5, 2, 5, 7, 6, 1, 0, 2, 7, 1, 0, 7, 2, 0, 5, 0, 6, 5, 4, 7, 4, 5, 1, 3, 6, 3, 3, 6]
[7, 0, 7, 9, 5, 3, 4, 6, 2, 9, 3, 9, 6, 1, 7, 5, 8, 9, 1, 9, 2, 0, 1, 6, 9, 2, 0, 7, 3, 0, 5]
[10, 90, 240, 320, 0, 40, 190, 300, 10, 70, 120, 230, 0, 140, 230, 240, 40, 200, 0, 10, 160, 190, 300, 0, 170, 260, 420, 0, 90, 160, 340]
[90, 240, 320, 340, 40, 190, 200, 310, 70, 120, 230, 420, 10, 180, 240, 270, 140, 250, 10, 90, 170, 300, 500, 150, 260, 390, 520, 70, 160, 240, 410]
Tardiness: 0
Energy Consumption: 545.0078333333303


Total execution time (s)
192.48005962371826
