
ITERATION 1

BEST:
[5, 5, 0, 3, 8, 6, 5, 0, 4, 1, 2, 4, 7, 1, 4, 4, 6, 1, 7, 6, 6, 2, 2, 8, 8, 8, 1, 2]
[1, 0, 5, 6, 2, 4, 5, 0, 4, 4, 6, 6, 2, 6, 4, 3, 0, 2, 6, 4, 7, 1, 4, 0, 1, 2, 3, 7]
[0, 110, 80, 180, 220, 410, 30, 130, 230, 410, 0, 10, 130, 180, 190, 0, 50, 110, 0, 130, 190, 220, 20, 220, 0, 160, 260, 460]
[70, 130, 180, 220, 410, 580, 130, 230, 410, 580, 30, 80, 150, 190, 360, 50, 110, 290, 10, 160, 220, 270, 130, 280, 20, 260, 460, 470]
Tardiness: 22
Energy Consumption: 553.1729999999961
Number of generations: 171
Calculation time of this iteration (s): 17.153707265853882




ITERATION 2

BEST:
[2, 3, 0, 5, 6, 1, 0, 5, 1, 4, 5, 6, 7, 8, 2, 4, 8, 4, 7, 4, 6, 2, 1, 2, 8, 8, 1, 6]
[6, 6, 5, 1, 4, 4, 0, 7, 1, 4, 5, 7, 2, 4, 0, 6, 5, 4, 6, 3, 4, 4, 2, 7, 1, 2, 3, 0]
[0, 70, 10, 110, 190, 380, 0, 100, 240, 420, 100, 110, 180, 200, 210, 0, 50, 70, 0, 70, 210, 240, 0, 200, 180, 250, 310, 510]
[70, 90, 110, 190, 380, 550, 100, 240, 420, 590, 130, 180, 200, 210, 380, 50, 70, 250, 10, 170, 240, 330, 110, 260, 190, 310, 510, 520]
Tardiness: 0
Energy Consumption: 591.7499999999977
Number of generations: 129
Calculation time of this iteration (s): 14.154612302780151




ITERATION 3

BEST:
[5, 3, 0, 2, 6, 1, 0, 4, 5, 8, 6, 4, 7, 1, 4, 6, 8, 1, 6, 5, 7, 2, 2, 4, 8, 8, 1, 2]
[6, 3, 5, 6, 4, 4, 0, 4, 7, 2, 0, 6, 2, 6, 4, 4, 0, 2, 7, 5, 6, 1, 4, 1, 3, 2, 3, 7]
[0, 70, 10, 200, 240, 430, 80, 180, 280, 460, 0, 110, 180, 200, 280, 0, 80, 100, 0, 90, 210, 240, 20, 240, 0, 120, 220, 430]
[70, 90, 110, 240, 430, 600, 180, 280, 460, 630, 110, 180, 200, 210, 450, 80, 100, 280, 10, 120, 240, 290, 130, 300, 20, 220, 350, 440]
Tardiness: 6
Energy Consumption: 553.1608333333301
Number of generations: 119
Calculation time of this iteration (s): 12.936365365982056




ITERATION 4

BEST:
[5, 2, 0, 0, 4, 7, 5, 5, 3, 6, 8, 1, 6, 4, 6, 8, 2, 6, 4, 1, 4, 7, 8, 1, 2, 2, 8, 1]
[1, 6, 5, 0, 4, 2, 7, 5, 6, 1, 2, 4, 0, 6, 4, 0, 1, 0, 4, 6, 3, 6, 3, 2, 4, 7, 2, 4]
[0, 70, 70, 170, 210, 400, 0, 110, 210, 390, 100, 0, 130, 200, 210, 0, 50, 70, 50, 110, 170, 240, 0, 210, 110, 140, 380, 510]
[70, 90, 170, 210, 400, 600, 100, 210, 390, 560, 130, 70, 150, 210, 380, 50, 70, 250, 110, 140, 200, 330, 110, 270, 130, 240, 510, 520]
Tardiness: 0
Energy Consumption: 879.6264999999976
Number of generations: 63
Calculation time of this iteration (s): 7.082987070083618




ITERATION 5

BEST:
[5, 2, 0, 3, 6, 6, 0, 5, 8, 4, 4, 5, 2, 7, 1, 6, 6, 4, 1, 7, 2, 8, 1, 4, 8, 8, 1, 2]
[1, 6, 5, 6, 4, 0, 0, 7, 2, 4, 6, 5, 1, 2, 4, 2, 7, 4, 6, 6, 4, 5, 2, 3, 1, 2, 3, 7]
[0, 70, 80, 180, 220, 410, 0, 100, 200, 380, 100, 10, 130, 180, 190, 0, 50, 70, 0, 10, 130, 200, 20, 220, 0, 250, 310, 510]
[70, 90, 180, 220, 410, 580, 100, 200, 380, 550, 130, 80, 150, 190, 360, 50, 70, 250, 10, 40, 200, 250, 130, 280, 20, 310, 510, 520]
Tardiness: 0
Energy Consumption: 543.2588333333301
Number of generations: 151
Calculation time of this iteration (s): 15.816688060760498




ITERATION 6

BEST:
[0, 3, 6, 7, 5, 4, 4, 5, 1, 5, 0, 6, 2, 1, 4, 6, 2, 8, 1, 4, 7, 6, 2, 2, 8, 8, 1, 8]
[5, 3, 4, 2, 6, 4, 6, 7, 4, 5, 0, 0, 6, 6, 4, 4, 1, 2, 2, 3, 6, 6, 4, 7, 5, 1, 3, 2]
[0, 70, 80, 200, 240, 430, 100, 200, 300, 480, 0, 10, 80, 180, 190, 0, 80, 100, 0, 90, 190, 300, 0, 240, 110, 280, 340, 540]
[70, 90, 180, 240, 430, 600, 200, 300, 480, 650, 110, 80, 100, 190, 360, 80, 100, 280, 10, 120, 220, 520, 110, 300, 130, 340, 540, 550]
Tardiness: 0
Energy Consumption: 680.6453333333355
Number of generations: 66
Calculation time of this iteration (s): 7.933642625808716




ITERATION 7

BEST:
[5, 3, 0, 2, 4, 1, 0, 5, 8, 6, 7, 5, 4, 7, 6, 8, 2, 4, 8, 1, 6, 2, 1, 8, 6, 4, 1, 2]
[1, 6, 5, 6, 4, 4, 0, 7, 2, 4, 2, 5, 3, 6, 0, 5, 1, 4, 1, 6, 4, 4, 2, 2, 0, 3, 3, 7]
[0, 70, 70, 190, 230, 420, 30, 130, 240, 420, 0, 0, 70, 180, 190, 0, 50, 70, 170, 180, 210, 240, 20, 130, 0, 250, 310, 510]
[70, 90, 170, 230, 420, 590, 130, 230, 420, 590, 30, 70, 150, 190, 360, 50, 70, 250, 180, 210, 240, 330, 130, 190, 20, 310, 510, 520]
Tardiness: 0
Energy Consumption: 562.3141666666618
Number of generations: 183
Calculation time of this iteration (s): 19.35162854194641




ITERATION 8

BEST:
[5, 2, 0, 7, 6, 6, 5, 4, 1, 4, 2, 5, 0, 3, 8, 6, 7, 4, 1, 6, 2, 8, 1, 4, 8, 8, 1, 2]
[1, 6, 5, 2, 4, 0, 7, 4, 4, 3, 1, 5, 0, 6, 2, 3, 6, 4, 6, 7, 4, 5, 2, 3, 1, 2, 3, 7]
[0, 70, 80, 190, 230, 420, 0, 100, 200, 380, 100, 10, 80, 180, 250, 0, 50, 70, 0, 10, 160, 250, 0, 130, 110, 250, 310, 510]
[70, 90, 180, 230, 420, 590, 100, 200, 380, 550, 130, 80, 160, 190, 420, 50, 70, 250, 10, 40, 250, 300, 110, 190, 130, 310, 510, 520]
Tardiness: 0
Energy Consumption: 550.4886666666641
Number of generations: 254
Calculation time of this iteration (s): 26.115387201309204




ITERATION 9

BEST:
[2, 7, 5, 3, 0, 4, 5, 6, 1, 5, 4, 0, 2, 6, 4, 6, 1, 2, 8, 4, 7, 1, 8, 2, 8, 6, 8, 1]
[6, 2, 1, 3, 5, 4, 7, 1, 4, 5, 6, 0, 1, 0, 0, 4, 6, 4, 1, 3, 6, 2, 5, 7, 1, 6, 2, 4]
[0, 70, 70, 170, 210, 400, 0, 110, 210, 390, 0, 0, 100, 140, 240, 0, 50, 70, 50, 110, 170, 270, 0, 210, 210, 250, 310, 510]
[70, 90, 170, 210, 400, 600, 100, 210, 390, 560, 110, 70, 120, 240, 410, 50, 70, 250, 110, 140, 200, 490, 110, 270, 230, 310, 510, 520]
Tardiness: 0
Energy Consumption: 764.7634999999925
Number of generations: 107
Calculation time of this iteration (s): 12.587093830108643




ITERATION 10

BEST:
[2, 7, 1, 5, 6, 0, 5, 0, 5, 1, 3, 4, 4, 7, 1, 6, 6, 2, 6, 4, 8, 4, 2, 8, 8, 2, 1, 8]
[6, 2, 4, 1, 4, 5, 7, 0, 5, 1, 6, 4, 6, 6, 2, 7, 4, 0, 7, 4, 4, 3, 4, 5, 1, 7, 3, 2]
[0, 70, 0, 100, 180, 420, 0, 100, 260, 440, 100, 110, 180, 240, 250, 0, 50, 70, 100, 110, 210, 240, 0, 200, 250, 260, 320, 520]
[70, 90, 100, 180, 370, 590, 100, 240, 440, 610, 130, 180, 200, 250, 420, 50, 70, 250, 110, 210, 240, 290, 110, 260, 260, 320, 520, 530]
Tardiness: 0
Energy Consumption: 612.6926666666609
Number of generations: 86
Calculation time of this iteration (s): 9.732855558395386




SUMMARY


GLOBAL BEST:
[5, 2, 0, 3, 6, 6, 0, 5, 8, 4, 4, 5, 2, 7, 1, 6, 6, 4, 1, 7, 2, 8, 1, 4, 8, 8, 1, 2]
[1, 6, 5, 6, 4, 0, 0, 7, 2, 4, 6, 5, 1, 2, 4, 2, 7, 4, 6, 6, 4, 5, 2, 3, 1, 2, 3, 7]
[0, 70, 80, 180, 220, 410, 0, 100, 200, 380, 100, 10, 130, 180, 190, 0, 50, 70, 0, 10, 130, 200, 20, 220, 0, 250, 310, 510]
[70, 90, 180, 220, 410, 580, 100, 200, 380, 550, 130, 80, 150, 190, 360, 50, 70, 250, 10, 40, 200, 250, 130, 280, 20, 310, 510, 520]
Tardiness: 0
Energy Consumption: 543.2588333333301


Total execution time (s)
142.86496782302856
