
ITERATION 1

BEST:
[0, 1, 5, 8, 2, 0, 4, 2, 6, 1, 2, 8, 8, 6, 1, 7, 6, 1, 3, 6, 2, 8, 8, 2]
[3, 6, 0, 2, 3, 2, 7, 5, 6, 2, 3, 4, 6, 7, 7, 6, 1, 2, 5, 6, 2, 0, 3, 0]
[0, 150, 0, 220, 350, 470, 80, 250, 320, 550, 680, 320, 0, 0, 10, 190, 350, 480, 390, 0, 150, 240, 390, 600]
[80, 220, 10, 300, 470, 500, 250, 320, 550, 680, 860, 480, 80, 190, 190, 350, 360, 550, 480, 150, 240, 390, 600, 670]
Tardiness: 0
Energy Consumption: 732.4066666666627
Number of generations: 97
Calculation time of this iteration (s): 11.333845376968384




ITERATION 2

BEST:
[8, 0, 0, 1, 2, 5, 4, 2, 6, 2, 6, 8, 8, 1, 1, 8, 1, 6, 2, 7, 3, 6, 8, 2]
[2, 3, 2, 6, 3, 0, 7, 5, 6, 3, 7, 4, 6, 2, 7, 0, 2, 1, 2, 6, 5, 6, 3, 0]
[0, 150, 0, 220, 350, 470, 80, 250, 320, 550, 680, 320, 0, 0, 10, 190, 350, 480, 390, 0, 150, 240, 390, 600]
[80, 220, 10, 300, 470, 500, 250, 320, 550, 680, 860, 480, 80, 190, 190, 350, 360, 550, 480, 150, 240, 390, 600, 670]
Tardiness: 0
Energy Consumption: 744.2643333333241
Number of generations: 66
Calculation time of this iteration (s): 8.059310674667358




ITERATION 3

BEST:
[4, 0, 5, 2, 1, 8, 6, 0, 1, 2, 2, 3, 7, 6, 8, 1, 8, 6, 1, 2, 8, 6, 8, 2]
[7, 5, 0, 3, 6, 2, 6, 2, 2, 5, 3, 5, 6, 7, 4, 7, 6, 1, 2, 2, 0, 6, 3, 0]
[0, 160, 0, 230, 350, 470, 0, 170, 240, 500, 640, 240, 0, 0, 10, 190, 350, 430, 190, 0, 150, 280, 430, 640]
[160, 230, 10, 310, 470, 500, 170, 240, 470, 630, 820, 400, 80, 190, 190, 350, 360, 500, 280, 150, 240, 430, 640, 710]
Tardiness: 0
Energy Consumption: 812.0648333333194
Number of generations: 38
Calculation time of this iteration (s): 4.944226026535034




ITERATION 4

BEST:
[3, 0, 5, 8, 1, 2, 6, 0, 4, 8, 6, 1, 2, 2, 1, 1, 6, 8, 8, 7, 2, 2, 6, 8]
[5, 3, 0, 2, 6, 3, 6, 2, 7, 4, 7, 2, 5, 3, 7, 2, 1, 6, 0, 6, 2, 0, 6, 3]
[0, 150, 0, 220, 350, 470, 80, 250, 320, 550, 680, 0, 0, 0, 10, 190, 350, 480, 390, 0, 150, 240, 390, 600]
[80, 220, 10, 300, 470, 500, 250, 320, 550, 680, 860, 160, 80, 190, 190, 350, 360, 550, 480, 150, 240, 390, 600, 670]
Tardiness: 0
Energy Consumption: 778.431333333326
Number of generations: 68
Calculation time of this iteration (s): 8.292459726333618




ITERATION 5

BEST:
[0, 8, 5, 1, 2, 0, 8, 2, 2, 1, 6, 8, 3, 6, 1, 4, 6, 1, 8, 6, 2, 7, 8, 2]
[3, 2, 0, 6, 3, 2, 4, 5, 3, 2, 6, 6, 5, 7, 7, 7, 1, 2, 0, 6, 2, 6, 3, 0]
[0, 150, 0, 220, 350, 470, 80, 250, 320, 550, 680, 320, 470, 0, 10, 190, 350, 390, 460, 0, 150, 240, 390, 600]
[80, 220, 10, 300, 470, 500, 250, 320, 550, 680, 860, 480, 550, 190, 190, 350, 360, 460, 550, 150, 240, 390, 600, 670]
Tardiness: 0
Energy Consumption: 722.3648333333276
Number of generations: 127
Calculation time of this iteration (s): 14.646734952926636




ITERATION 6

BEST:
[0, 0, 5, 2, 2, 8, 4, 1, 2, 1, 6, 3, 7, 6, 1, 8, 6, 1, 2, 8, 8, 2, 8, 6]
[3, 4, 0, 3, 5, 2, 7, 6, 3, 2, 6, 5, 6, 7, 7, 4, 1, 2, 2, 6, 0, 0, 3, 6]
[0, 80, 0, 150, 350, 470, 80, 250, 320, 550, 680, 320, 0, 0, 10, 190, 350, 450, 190, 0, 210, 300, 450, 660]
[80, 210, 10, 230, 470, 500, 250, 320, 550, 680, 860, 480, 80, 190, 190, 350, 360, 520, 280, 150, 300, 450, 660, 730]
Tardiness: 0
Energy Consumption: 759.1581666666611
Number of generations: 101
Calculation time of this iteration (s): 12.065686702728271




ITERATION 7

BEST:
[0, 0, 5, 2, 2, 8, 6, 1, 6, 1, 2, 3, 7, 1, 4, 8, 6, 1, 2, 8, 8, 2, 8, 6]
[3, 4, 0, 3, 5, 2, 6, 6, 7, 2, 3, 5, 6, 7, 7, 4, 1, 2, 2, 6, 0, 0, 3, 6]
[0, 80, 180, 190, 340, 460, 80, 250, 320, 550, 680, 320, 460, 0, 0, 180, 340, 450, 190, 0, 210, 300, 450, 660]
[80, 210, 190, 270, 460, 490, 250, 320, 550, 680, 860, 480, 540, 190, 180, 340, 350, 520, 280, 150, 300, 450, 660, 730]
Tardiness: 0
Energy Consumption: 753.4706666666607
Number of generations: 146
Calculation time of this iteration (s): 17.68856692314148




ITERATION 8

BEST:
[0, 8, 5, 2, 2, 0, 4, 1, 2, 1, 6, 8, 3, 6, 1, 8, 6, 1, 2, 6, 8, 7, 8, 2]
[3, 2, 0, 3, 5, 2, 7, 6, 3, 2, 6, 4, 5, 7, 7, 6, 1, 2, 2, 6, 0, 6, 3, 0]
[0, 150, 0, 220, 350, 470, 80, 250, 320, 550, 680, 320, 0, 0, 10, 190, 350, 390, 460, 0, 150, 240, 390, 600]
[80, 220, 10, 300, 470, 500, 250, 320, 550, 680, 860, 480, 80, 190, 190, 350, 360, 460, 550, 150, 240, 390, 600, 670]
Tardiness: 0
Energy Consumption: 722.1414999999995
Number of generations: 127
Calculation time of this iteration (s): 14.771987438201904




ITERATION 9

BEST:
[0, 8, 5, 1, 2, 0, 1, 2, 6, 6, 2, 8, 3, 1, 4, 8, 6, 1, 2, 6, 8, 7, 8, 2]
[3, 2, 0, 6, 3, 2, 2, 5, 6, 7, 3, 4, 5, 7, 7, 6, 1, 2, 2, 6, 0, 6, 3, 0]
[0, 150, 0, 220, 350, 470, 80, 250, 320, 550, 680, 320, 470, 0, 10, 190, 350, 390, 460, 0, 150, 240, 390, 600]
[80, 220, 10, 300, 470, 500, 250, 320, 550, 680, 860, 480, 550, 190, 190, 350, 360, 460, 550, 150, 240, 390, 600, 670]
Tardiness: 0
Energy Consumption: 720.161499999995
Number of generations: 146
Calculation time of this iteration (s): 16.939833402633667




ITERATION 10

BEST:
[0, 8, 5, 2, 2, 0, 4, 1, 2, 1, 6, 8, 3, 6, 1, 8, 6, 1, 2, 7, 8, 6, 8, 2]
[3, 2, 0, 3, 5, 2, 7, 6, 3, 2, 6, 4, 5, 7, 7, 6, 1, 2, 2, 6, 0, 6, 3, 0]
[0, 150, 0, 220, 350, 470, 80, 250, 320, 550, 680, 320, 0, 0, 10, 190, 350, 480, 390, 0, 150, 240, 390, 600]
[80, 220, 10, 300, 470, 500, 250, 320, 550, 680, 860, 480, 80, 190, 190, 350, 360, 550, 480, 150, 240, 390, 600, 670]
Tardiness: 0
Energy Consumption: 724.2579999999953
Number of generations: 160
Calculation time of this iteration (s): 18.384151458740234




SUMMARY


GLOBAL BEST:
[0, 8, 5, 1, 2, 0, 1, 2, 6, 6, 2, 8, 3, 1, 4, 8, 6, 1, 2, 6, 8, 7, 8, 2]
[3, 2, 0, 6, 3, 2, 2, 5, 6, 7, 3, 4, 5, 7, 7, 6, 1, 2, 2, 6, 0, 6, 3, 0]
[0, 150, 0, 220, 350, 470, 80, 250, 320, 550, 680, 320, 470, 0, 10, 190, 350, 390, 460, 0, 150, 240, 390, 600]
[80, 220, 10, 300, 470, 500, 250, 320, 550, 680, 860, 480, 550, 190, 190, 350, 360, 460, 550, 150, 240, 390, 600, 670]
Tardiness: 0
Energy Consumption: 720.161499999995


Total execution time (s)
127.12680268287659
