
ITERATION 10


BEST:
[7, 9, 0, 2, 6, 8, 7, 1, 3, 3, 5, 4, 3, 8, 1, 7, 6, 1, 4, 6, 6, 0, 4, 6, 0, 3, 2, 4, 5, 3, 4]
[9, 5, 2, 0, 9, 9, 4, 5, 7, 6, 9, 8, 8, 7, 9, 9, 6, 7, 4, 4, 0, 3, 8, 9, 8, 2, 6, 0, 3, 5, 3]
[0, 130, 200, 40, 190, 250, 0, 230, 0, 20, 80, 190, 220, 0, 150, 190, 290, 390, 60, 190, 10, 80, 160, 280, 290, 0, 10, 250, 30, 60, 0]
[130, 190, 370, 190, 250, 370, 230, 400, 20, 80, 190, 220, 460, 20, 160, 200, 390, 450, 150, 370, 30, 150, 280, 290, 400, 10, 150, 260, 60, 210, 40]
Tardiness: 0
Energy Consumption: 489.03433333333123
Number of generations: 251
Calculation time of this iteration (s): 26.646865844726562
