
ITERATION 1

BEST:
[3, 2, 4, 3, 8, 1, 1, 3, 2, 7, 1, 2, 5, 6, 5, 7, 2, 8, 6, 8, 0, 1, 1, 8, 2, 6, 0]
[7, 1, 4, 4, 5, 3, 0, 1, 5, 3, 3, 2, 3, 4, 6, 5, 6, 0, 0, 5, 3, 7, 0, 3, 0, 3, 5]
[610, 830, 0, 190, 290, 470, 620, 0, 160, 320, 630, 760, 0, 140, 170, 0, 470, 610, 170, 470, 920, 190, 320, 0, 240, 530, 830]
[830, 930, 190, 240, 470, 620, 640, 160, 320, 530, 760, 940, 60, 170, 330, 140, 610, 630, 330, 580, 930, 290, 530, 150, 470, 670, 920]
Tardiness: 0
Energy Consumption: 927.6710000000019
Number of generations: 75
Calculation time of this iteration (s): 11.750416994094849




ITERATION 2

BEST:
[3, 8, 2, 3, 1, 2, 1, 7, 6, 1, 3, 4, 7, 1, 8, 6, 1, 5, 2, 0, 0, 8, 8, 5, 2, 2, 6]
[7, 5, 1, 4, 3, 5, 0, 3, 4, 2, 1, 4, 5, 7, 0, 0, 0, 3, 2, 3, 5, 5, 3, 1, 6, 0, 3]
[430, 650, 0, 190, 240, 400, 580, 0, 160, 400, 610, 740, 0, 60, 160, 250, 290, 430, 90, 470, 980, 190, 320, 0, 240, 750, 890]
[650, 750, 190, 240, 400, 550, 600, 160, 320, 610, 740, 920, 60, 90, 320, 390, 430, 530, 250, 580, 990, 290, 530, 150, 470, 890, 980]
Tardiness: 0
Energy Consumption: 878.182666666668
Number of generations: 152
Calculation time of this iteration (s): 21.92317485809326



