
ITERATION 4


BEST:
[3, 8, 2, 9, 6, 7, 4, 8, 1, 4, 6, 0, 0, 7, 5, 5, 6, 3, 4, 3, 1, 6, 2, 3, 1, 3, 4, 7, 6, 0, 4]
[7, 9, 0, 5, 9, 9, 6, 6, 1, 7, 1, 8, 3, 5, 9, 3, 4, 2, 8, 0, 9, 0, 6, 2, 7, 0, 4, 3, 9, 8, 7]
[0, 80, 140, 0, 150, 210, 0, 230, 0, 20, 230, 300, 330, 0, 80, 130, 230, 360, 60, 150, 30, 80, 110, 300, 310, 50, 60, 330, 0, 80, 0]
[80, 140, 310, 80, 210, 330, 230, 400, 20, 170, 300, 330, 480, 80, 130, 140, 360, 440, 150, 330, 50, 110, 230, 310, 420, 60, 150, 380, 30, 200, 40]
Tardiness: 12
Energy Consumption: 591.5043333333383
Number of generations: 132
Calculation time of this iteration (s): 14.089028596878052
