
ITERATION 6


BEST:
[9, 8, 2, 5, 6, 8, 3, 1, 4, 6, 7, 3, 6, 1, 3, 0, 4, 0, 7, 4, 1, 5, 2, 3, 6, 6, 4, 7, 0, 4, 3]
[5, 9, 0, 9, 9, 6, 1, 5, 8, 1, 9, 6, 4, 9, 0, 8, 1, 3, 5, 8, 7, 3, 6, 2, 0, 9, 4, 9, 8, 3, 0]
[20, 100, 240, 40, 190, 250, 0, 230, 0, 150, 230, 300, 330, 0, 170, 230, 290, 420, 30, 160, 120, 140, 170, 300, 310, 140, 190, 420, 0, 30, 0]
[100, 160, 410, 190, 250, 370, 230, 400, 30, 210, 300, 330, 480, 20, 230, 240, 420, 480, 120, 340, 140, 170, 290, 310, 420, 150, 280, 430, 30, 150, 40]
Tardiness: 12
Energy Consumption: 482.90500000000316
Number of generations: 170
Calculation time of this iteration (s): 18.08867120742798
