
ITERATION 1

BEST:
[2, 2, 0, 0, 3, 3, 2, 1, 0, 1, 0, 2, 1, 1]
[0, 0, 1, 0, 1, 1, 1, 0, 0, 1, 1, 0, 0, 0]
[0, 150, 410, 690, 180, 490, 740, 880, 0, 40, 460, 610, 90, 310]
[90, 180, 610, 790, 410, 690, 880, 930, 40, 150, 490, 740, 310, 460]
Tardiness: 0
Energy Consumption: 549.6053333333311
Number of generations: 47
Calculation time of this iteration (s): 3.913862943649292




ITERATION 2

BEST:
[2, 2, 0, 3, 0, 3, 2, 0, 1, 0, 1, 2, 1, 1]
[0, 0, 1, 1, 0, 1, 1, 0, 0, 1, 1, 0, 0, 0]
[0, 150, 180, 490, 380, 610, 810, 950, 0, 40, 460, 610, 90, 310]
[90, 180, 380, 590, 610, 810, 950, 1000, 40, 150, 490, 740, 310, 460]
Tardiness: 0
Energy Consumption: 536.2843333333308
Number of generations: 70
Calculation time of this iteration (s): 5.808814764022827




ITERATION 3

BEST:
[2, 1, 3, 2, 0, 3, 0, 2, 0, 1, 0, 2, 1, 1]
[0, 0, 1, 0, 1, 1, 0, 1, 0, 1, 1, 0, 0, 0]
[220, 380, 410, 690, 40, 490, 740, 880, 0, 270, 460, 610, 0, 310]
[310, 410, 610, 790, 270, 690, 880, 930, 40, 380, 490, 740, 220, 460]
Tardiness: 0
Energy Consumption: 558.7823333333345
Number of generations: 53
Calculation time of this iteration (s): 4.525045156478882




ITERATION 4

BEST:
[2, 1, 3, 2, 0, 3, 0, 2, 0, 1, 0, 2, 1, 1]
[0, 0, 1, 0, 1, 1, 0, 1, 0, 1, 1, 0, 0, 0]
[220, 380, 410, 690, 40, 490, 740, 880, 0, 270, 460, 610, 0, 310]
[310, 410, 610, 790, 270, 690, 880, 930, 40, 380, 490, 740, 220, 460]
Tardiness: 0
Energy Consumption: 558.7823333333345
Number of generations: 49
Calculation time of this iteration (s): 3.6427831649780273




ITERATION 5

BEST:
[0, 2, 3, 2, 0, 3, 2, 0, 1, 0, 1, 2, 1, 1]
[1, 0, 1, 0, 0, 1, 1, 0, 0, 1, 1, 0, 0, 0]
[0, 150, 180, 490, 380, 610, 810, 950, 0, 40, 460, 610, 90, 310]
[90, 180, 380, 590, 610, 810, 950, 1000, 40, 150, 490, 740, 310, 460]
Tardiness: 0
Energy Consumption: 548.2599999999962
Number of generations: 59
Calculation time of this iteration (s): 4.092235803604126




ITERATION 6

BEST:
[2, 1, 0, 2, 2, 0, 2, 3, 0, 1, 1, 3, 1, 0]
[0, 0, 1, 0, 0, 0, 0, 1, 0, 1, 1, 0, 0, 1]
[0, 490, 650, 850, 40, 310, 510, 930, 0, 270, 380, 520, 90, 850]
[90, 520, 850, 950, 270, 510, 660, 980, 40, 380, 490, 650, 310, 930]
Tardiness: 0
Energy Consumption: 623.0389999999986
Number of generations: 43
Calculation time of this iteration (s): 3.6070446968078613




ITERATION 7

BEST:
[2, 2, 0, 3, 0, 3, 2, 0, 0, 1, 1, 2, 1, 1]
[0, 0, 1, 1, 0, 1, 1, 0, 1, 0, 1, 0, 0, 0]
[0, 150, 180, 490, 380, 610, 810, 950, 0, 40, 460, 610, 90, 310]
[90, 180, 380, 590, 610, 810, 950, 1000, 40, 150, 490, 740, 310, 460]
Tardiness: 0
Energy Consumption: 530.0528333333311
Number of generations: 49
Calculation time of this iteration (s): 4.324665307998657




ITERATION 8

BEST:
[0, 2, 2, 3, 2, 0, 3, 0, 1, 1, 0, 2, 1, 1]
[1, 0, 0, 1, 1, 0, 1, 0, 0, 1, 1, 0, 0, 0]
[0, 150, 180, 810, 380, 610, 810, 950, 0, 40, 310, 610, 90, 340]
[90, 180, 380, 910, 610, 810, 950, 1000, 40, 150, 340, 740, 310, 490]
Tardiness: 0
Energy Consumption: 538.1179999999977
Number of generations: 35
Calculation time of this iteration (s): 2.9008493423461914




ITERATION 9

BEST:
[2, 1, 3, 0, 0, 3, 2, 2, 0, 1, 0, 2, 1, 1]
[0, 0, 1, 1, 0, 1, 0, 1, 0, 1, 1, 0, 0, 0]
[220, 310, 450, 690, 40, 490, 780, 920, 0, 340, 460, 650, 0, 310]
[310, 340, 650, 790, 270, 690, 920, 970, 40, 450, 490, 780, 220, 460]
Tardiness: 0
Energy Consumption: 557.9413333333312
Number of generations: 47
Calculation time of this iteration (s): 3.762206792831421




ITERATION 10

BEST:
[3, 1, 2, 0, 0, 3, 2, 2, 0, 1, 0, 2, 1, 1]
[1, 0, 0, 1, 0, 1, 0, 1, 0, 1, 1, 0, 0, 0]
[220, 310, 450, 690, 0, 490, 780, 920, 230, 340, 460, 650, 0, 310]
[310, 340, 650, 790, 230, 690, 920, 970, 270, 450, 490, 780, 220, 460]
Tardiness: 0
Energy Consumption: 571.1888333333311
Number of generations: 40
Calculation time of this iteration (s): 3.083303213119507




SUMMARY


GLOBAL BEST:
[2, 2, 0, 3, 0, 3, 2, 0, 0, 1, 1, 2, 1, 1]
[0, 0, 1, 1, 0, 1, 1, 0, 1, 0, 1, 0, 0, 0]
[0, 150, 180, 490, 380, 610, 810, 950, 0, 40, 460, 610, 90, 310]
[90, 180, 380, 590, 610, 810, 950, 1000, 40, 150, 490, 740, 310, 460]
Tardiness: 0
Energy Consumption: 530.0528333333311


Total execution time (s)
39.66081118583679
