
ITERATION 1

BEST:
[4, 2, 3, 5, 1, 5, 3, 2, 4, 1, 2, 4, 2, 2, 0]
[1, 3, 0, 1, 3, 2, 2, 1, 3, 1, 0, 0, 3, 1, 4]
[0, 200, 300, 0, 200, 300, 380, 460, 0, 340, 0, 240, 380, 60, 120]
[230, 240, 420, 200, 300, 350, 460, 620, 170, 520, 60, 380, 570, 120, 340]
Tardiness: 0
Energy Consumption: 547.2533333333265
Number of generations: 107
Calculation time of this iteration (s): 8.873244285583496




ITERATION 2

BEST:
[4, 2, 3, 5, 0, 5, 3, 4, 2, 1, 2, 2, 1, 2, 4]
[1, 3, 0, 1, 4, 2, 2, 3, 1, 3, 0, 3, 1, 1, 0]
[0, 340, 380, 0, 200, 300, 380, 500, 0, 340, 0, 200, 350, 60, 120]
[230, 380, 500, 200, 300, 350, 460, 660, 170, 520, 60, 340, 540, 120, 340]
Tardiness: 0
Energy Consumption: 553.5100000000012
Number of generations: 64
Calculation time of this iteration (s): 5.239563465118408




ITERATION 3

BEST:
[4, 2, 3, 5, 1, 5, 3, 4, 2, 1, 2, 2, 4, 2, 0]
[1, 3, 0, 1, 3, 2, 2, 3, 1, 1, 0, 3, 0, 1, 4]
[0, 200, 300, 0, 200, 300, 380, 460, 0, 340, 0, 240, 380, 60, 120]
[230, 240, 420, 200, 300, 350, 460, 620, 170, 520, 60, 380, 570, 120, 340]
Tardiness: 0
Energy Consumption: 552.026666666664
Number of generations: 123
Calculation time of this iteration (s): 10.252003192901611




ITERATION 4

BEST:
[4, 2, 3, 5, 0, 5, 3, 2, 4, 1, 2, 2, 1, 4, 2]
[1, 3, 0, 1, 4, 2, 2, 1, 3, 3, 0, 3, 1, 4, 0]
[0, 340, 380, 0, 200, 300, 380, 460, 0, 340, 0, 200, 340, 60, 120]
[230, 380, 500, 200, 300, 350, 460, 640, 170, 520, 60, 340, 550, 120, 340]
Tardiness: 0
Energy Consumption: 557.6103333333348
Number of generations: 46
Calculation time of this iteration (s): 4.459654331207275




ITERATION 5

BEST:
[4, 2, 3, 5, 0, 5, 3, 4, 2, 1, 2, 2, 1, 2, 4]
[1, 3, 0, 1, 4, 2, 2, 3, 1, 3, 0, 3, 1, 1, 0]
[0, 340, 380, 0, 200, 300, 380, 500, 0, 340, 0, 200, 350, 60, 120]
[230, 380, 500, 200, 300, 350, 460, 660, 170, 520, 60, 340, 540, 120, 340]
Tardiness: 0
Energy Consumption: 553.5100000000012
Number of generations: 61
Calculation time of this iteration (s): 5.089683294296265




ITERATION 6

BEST:
[4, 2, 3, 5, 1, 5, 0, 2, 4, 1, 2, 4, 2, 2, 3]
[1, 3, 0, 1, 3, 2, 4, 1, 3, 1, 0, 0, 3, 1, 2]
[0, 200, 300, 0, 200, 300, 380, 460, 0, 340, 0, 240, 380, 60, 120]
[230, 240, 420, 200, 300, 350, 460, 620, 170, 520, 60, 380, 570, 120, 340]
Tardiness: 0
Energy Consumption: 558.0033333333251
Number of generations: 57
Calculation time of this iteration (s): 4.81737208366394




ITERATION 7

BEST:
[5, 5, 3, 4, 0, 2, 3, 2, 4, 1, 2, 4, 2, 2, 1]
[1, 2, 0, 1, 4, 3, 2, 1, 3, 3, 0, 0, 3, 1, 2]
[0, 340, 460, 0, 200, 300, 380, 460, 0, 280, 60, 200, 350, 0, 60]
[230, 380, 560, 200, 300, 350, 460, 620, 170, 460, 120, 340, 540, 60, 280]
Tardiness: 0
Energy Consumption: 557.0338333333284
Number of generations: 59
Calculation time of this iteration (s): 4.750521183013916




ITERATION 8

BEST:
[4, 2, 3, 5, 0, 5, 3, 4, 2, 1, 2, 2, 1, 2, 4]
[1, 3, 0, 1, 4, 2, 2, 3, 1, 3, 0, 3, 1, 1, 0]
[0, 340, 380, 0, 200, 300, 380, 500, 0, 340, 0, 200, 350, 60, 120]
[230, 380, 500, 200, 300, 350, 460, 660, 170, 520, 60, 340, 540, 120, 340]
Tardiness: 0
Energy Consumption: 553.5100000000012
Number of generations: 68
Calculation time of this iteration (s): 5.691702842712402




ITERATION 9

BEST:
[4, 2, 3, 5, 0, 5, 3, 4, 2, 1, 2, 2, 1, 4, 2]
[1, 3, 0, 1, 4, 2, 2, 3, 1, 3, 0, 3, 1, 4, 0]
[0, 340, 380, 0, 200, 300, 380, 460, 0, 340, 0, 200, 340, 60, 120]
[230, 380, 500, 200, 300, 350, 460, 640, 170, 520, 60, 340, 550, 120, 340]
Tardiness: 0
Energy Consumption: 556.8146666666698
Number of generations: 83
Calculation time of this iteration (s): 6.647771120071411




ITERATION 10

BEST:
[4, 2, 3, 5, 0, 5, 3, 4, 2, 1, 2, 2, 1, 2, 4]
[1, 3, 0, 1, 4, 2, 2, 3, 1, 3, 0, 3, 1, 1, 0]
[0, 340, 380, 0, 200, 300, 380, 500, 0, 340, 0, 200, 350, 60, 120]
[230, 380, 500, 200, 300, 350, 460, 660, 170, 520, 60, 340, 540, 120, 340]
Tardiness: 0
Energy Consumption: 553.5100000000012
Number of generations: 58
Calculation time of this iteration (s): 4.70957088470459




SUMMARY


GLOBAL BEST:
[4, 2, 3, 5, 1, 5, 3, 2, 4, 1, 2, 4, 2, 2, 0]
[1, 3, 0, 1, 3, 2, 2, 1, 3, 1, 0, 0, 3, 1, 4]
[0, 200, 300, 0, 200, 300, 380, 460, 0, 340, 0, 240, 380, 60, 120]
[230, 240, 420, 200, 300, 350, 460, 620, 170, 520, 60, 380, 570, 120, 340]
Tardiness: 0
Energy Consumption: 547.2533333333265


Total execution time (s)
60.531086683273315
