
ITERATION 1


BEST:
[0, 3, 3, 2, 5, 0, 1, 8, 4, 9, 4, 7, 8, 6, 6, 1, 4, 7, 3, 6, 7, 5, 4, 6, 2, 3, 3, 1, 4, 0, 6]
[2, 7, 6, 0, 1, 3, 5, 9, 8, 5, 7, 9, 6, 9, 1, 9, 8, 5, 8, 4, 9, 3, 4, 0, 6, 2, 0, 7, 7, 8, 9]
[0, 130, 190, 0, 150, 210, 0, 230, 0, 20, 80, 190, 240, 0, 20, 70, 230, 360, 0, 190, 40, 80, 110, 230, 290, 30, 190, 280, 0, 80, 150]
[130, 190, 360, 150, 210, 330, 230, 400, 20, 80, 190, 220, 390, 20, 70, 80, 360, 440, 80, 370, 60, 110, 230, 240, 400, 40, 280, 290, 30, 200, 190]
Tardiness: 0
Energy Consumption: 600.1208333333404
Number of generations: 82
Calculation time of this iteration (s): 10.043874979019165
