
ITERATION 1

BEST:
[8, 3, 4, 1, 0, 6, 5, 2, 3, 5, 0, 7, 1, 4, 1, 2, 3, 0, 0, 4, 0, 4, 4]
[6, 9, 6, 2, 3, 8, 7, 3, 4, 5, 5, 6, 7, 2, 8, 8, 9, 9, 5, 6, 7, 0, 5]
[0, 120, 220, 380, 410, 0, 80, 120, 120, 340, 0, 100, 120, 30, 170, 370, 380, 570, 0, 40, 0, 170, 0]
[120, 220, 380, 410, 480, 80, 120, 340, 280, 350, 100, 120, 170, 170, 360, 380, 570, 650, 40, 90, 110, 370, 30]
Tardiness: 0
Energy Consumption: 516.7118333333343
Number of generations: 63
Calculation time of this iteration (s): 6.858475208282471




ITERATION 2

BEST:
[6, 8, 4, 5, 1, 3, 0, 3, 3, 5, 4, 1, 0, 0, 1, 7, 2, 4, 2, 0, 0, 4, 4]
[8, 6, 6, 2, 2, 9, 3, 4, 9, 5, 2, 7, 5, 9, 8, 6, 3, 6, 8, 5, 7, 0, 5]
[0, 120, 220, 380, 410, 20, 100, 140, 120, 360, 0, 100, 120, 30, 170, 370, 380, 570, 0, 20, 0, 170, 0]
[120, 220, 380, 410, 480, 100, 140, 360, 280, 370, 100, 120, 170, 170, 360, 380, 570, 650, 20, 70, 110, 370, 30]
Tardiness: 0
Energy Consumption: 504.4538333333333
Number of generations: 117
Calculation time of this iteration (s): 11.30016040802002




ITERATION 3

BEST:
[6, 8, 4, 5, 0, 1, 1, 2, 1, 5, 3, 2, 0, 3, 3, 7, 4, 0, 0, 0, 4, 4, 4]
[8, 6, 6, 2, 3, 2, 7, 3, 8, 5, 9, 8, 5, 4, 9, 6, 2, 9, 5, 7, 6, 0, 5]
[0, 120, 220, 380, 410, 20, 100, 140, 120, 360, 0, 100, 120, 30, 170, 370, 380, 570, 0, 20, 0, 170, 0]
[120, 220, 380, 410, 480, 100, 140, 360, 280, 370, 100, 120, 170, 170, 360, 380, 570, 650, 20, 70, 110, 370, 30]
Tardiness: 0
Energy Consumption: 502.84666666666436
Number of generations: 98
Calculation time of this iteration (s): 9.79660964012146




ITERATION 4

BEST:
[8, 3, 6, 5, 0, 1, 5, 4, 3, 7, 4, 1, 0, 1, 2, 2, 3, 0, 0, 4, 0, 4, 4]
[6, 9, 8, 2, 3, 2, 5, 6, 4, 6, 2, 7, 5, 8, 0, 8, 9, 9, 5, 6, 7, 0, 5]
[0, 120, 220, 380, 410, 20, 100, 140, 0, 360, 0, 100, 120, 30, 170, 370, 380, 570, 0, 20, 0, 170, 0]
[120, 220, 380, 410, 480, 100, 140, 360, 130, 370, 100, 120, 170, 170, 360, 380, 570, 650, 20, 70, 110, 370, 30]
Tardiness: 0
Energy Consumption: 520.9919999999962
Number of generations: 105
Calculation time of this iteration (s): 10.38377332687378




ITERATION 5

BEST:
[8, 3, 6, 5, 0, 1, 1, 4, 3, 5, 4, 7, 4, 1, 2, 2, 3, 4, 4, 0, 0, 0, 0]
[6, 9, 8, 2, 3, 2, 7, 6, 4, 5, 2, 6, 6, 8, 3, 8, 9, 0, 4, 5, 9, 5, 7]
[0, 120, 220, 380, 410, 20, 100, 140, 120, 360, 0, 100, 120, 30, 170, 370, 380, 570, 0, 20, 0, 170, 0]
[120, 220, 380, 410, 480, 100, 140, 360, 280, 370, 100, 120, 170, 170, 360, 380, 570, 710, 20, 70, 110, 370, 30]
Tardiness: 0
Energy Consumption: 559.7939999999978
Number of generations: 124
Calculation time of this iteration (s): 13.709794759750366




ITERATION 6

BEST:
[6, 8, 2, 5, 1, 3, 0, 4, 4, 5, 0, 2, 1, 1, 3, 7, 3, 0, 0, 4, 0, 4, 4]
[8, 6, 0, 2, 2, 9, 3, 6, 2, 5, 5, 8, 7, 8, 4, 6, 9, 9, 5, 6, 7, 0, 3]
[0, 120, 220, 380, 410, 20, 100, 140, 0, 130, 0, 100, 120, 30, 170, 370, 380, 570, 0, 20, 0, 170, 0]
[120, 220, 380, 410, 480, 100, 140, 360, 130, 140, 100, 120, 170, 170, 360, 380, 570, 680, 20, 70, 110, 370, 30]
Tardiness: 0
Energy Consumption: 542.117166666671
Number of generations: 121
Calculation time of this iteration (s): 13.559860467910767




ITERATION 7

BEST:
[8, 6, 4, 5, 0, 3, 1, 2, 3, 5, 0, 2, 1, 4, 1, 7, 3, 0, 0, 0, 4, 4, 4]
[6, 8, 6, 2, 3, 9, 2, 0, 4, 5, 5, 8, 7, 2, 8, 6, 9, 9, 5, 7, 6, 0, 5]
[0, 120, 220, 380, 410, 20, 100, 140, 0, 130, 0, 100, 120, 30, 170, 370, 380, 570, 0, 20, 0, 170, 0]
[120, 220, 380, 410, 480, 100, 140, 360, 130, 140, 100, 120, 170, 170, 360, 380, 570, 650, 20, 70, 110, 370, 30]
Tardiness: 0
Energy Consumption: 523.3074999999992
Number of generations: 95
Calculation time of this iteration (s): 9.49120545387268




ITERATION 8

BEST:
[6, 3, 3, 5, 1, 8, 1, 4, 4, 5, 0, 7, 0, 1, 2, 2, 3, 0, 0, 0, 4, 4, 4]
[8, 9, 4, 2, 2, 6, 7, 6, 2, 5, 3, 6, 5, 8, 0, 8, 9, 9, 5, 7, 6, 0, 5]
[0, 120, 220, 380, 410, 20, 100, 140, 0, 360, 0, 100, 120, 30, 170, 370, 380, 570, 0, 20, 0, 170, 0]
[120, 220, 380, 410, 480, 100, 140, 360, 130, 370, 100, 120, 170, 170, 360, 380, 570, 650, 20, 70, 110, 370, 30]
Tardiness: 0
Energy Consumption: 520.1784999999971
Number of generations: 133
Calculation time of this iteration (s): 13.29150128364563




ITERATION 9

BEST:
[6, 3, 4, 5, 0, 1, 1, 2, 3, 5, 8, 7, 0, 1, 3, 2, 4, 0, 0, 4, 0, 4, 4]
[8, 9, 6, 7, 3, 2, 7, 0, 4, 5, 6, 6, 5, 3, 9, 8, 2, 9, 5, 6, 7, 0, 3]
[0, 120, 220, 380, 410, 0, 80, 120, 0, 130, 0, 100, 120, 0, 140, 370, 380, 570, 0, 40, 0, 170, 140]
[120, 220, 380, 410, 480, 80, 120, 350, 130, 140, 100, 120, 170, 140, 330, 380, 570, 680, 40, 90, 110, 370, 170]
Tardiness: 0
Energy Consumption: 552.8971666666642
Number of generations: 74
Calculation time of this iteration (s): 8.025380373001099




ITERATION 10

BEST:
[6, 3, 2, 5, 0, 1, 5, 4, 8, 2, 4, 1, 0, 3, 3, 7, 1, 0, 0, 0, 4, 4, 4]
[8, 9, 0, 2, 3, 2, 5, 6, 6, 8, 2, 7, 5, 4, 9, 6, 8, 9, 5, 7, 6, 0, 5]
[0, 120, 220, 380, 410, 20, 100, 140, 0, 130, 0, 100, 120, 0, 140, 370, 380, 570, 0, 20, 0, 170, 140]
[120, 220, 380, 410, 480, 100, 140, 360, 130, 140, 100, 120, 170, 140, 330, 380, 570, 650, 20, 70, 110, 370, 170]
Tardiness: 0
Energy Consumption: 524.592499999995
Number of generations: 114
Calculation time of this iteration (s): 11.663837671279907




SUMMARY


GLOBAL BEST:
[6, 8, 4, 5, 0, 1, 1, 2, 1, 5, 3, 2, 0, 3, 3, 7, 4, 0, 0, 0, 4, 4, 4]
[8, 6, 6, 2, 3, 2, 7, 3, 8, 5, 9, 8, 5, 4, 9, 6, 2, 9, 5, 7, 6, 0, 5]
[0, 120, 220, 380, 410, 20, 100, 140, 120, 360, 0, 100, 120, 30, 170, 370, 380, 570, 0, 20, 0, 170, 0]
[120, 220, 380, 410, 480, 100, 140, 360, 280, 370, 100, 120, 170, 170, 360, 380, 570, 650, 20, 70, 110, 370, 30]
Tardiness: 0
Energy Consumption: 502.84666666666436


Total execution time (s)
108.08059859275818
