Number of Jobs:
10
Number of Machines:
10
Number of Tasks:
31
Number of Individuals:
100
Number of Iterations:
10
Mutation Probability:
100
Threshold Generations:
15
CrossOver Type:
2
Mode:
0
Factor:
0

ITERATION 1

BEST:
[4, 8, 3, 7, 3, 6, 2, 5, 5, 8, 0, 0, 1, 7, 1, 3, 6, 6, 3, 4, 4, 6, 2, 9, 0, 3, 7, 4, 1, 4, 6]
[6, 7, 1, 9, 6, 4, 0, 9, 3, 9, 8, 8, 5, 3, 9, 2, 4, 6, 0, 7, 8, 0, 6, 5, 3, 0, 5, 4, 7, 3, 9]
[170, 330, 0, 0, 180, 240, 0, 300, 0, 80, 230, 140, 310, 0, 150, 250, 260, 390, 10, 100, 0, 230, 110, 300, 310, 0, 330, 280, 150, 0, 150]
[250, 390, 170, 150, 240, 360, 230, 470, 30, 140, 300, 170, 460, 80, 200, 260, 390, 450, 100, 280, 110, 300, 230, 310, 420, 10, 420, 330, 180, 150, 190]
Tardiness: 0
Energy Consumption: 707.4201666666684
Number of generations: 112
Calculation time of this iteration (s): 12.64131784439087




ITERATION 2

BEST:
[3, 8, 4, 3, 9, 6, 3, 0, 7, 8, 2, 1, 0, 5, 6, 1, 2, 5, 4, 4, 6, 3, 4, 3, 7, 6, 7, 1, 6, 4, 0]
[1, 9, 9, 6, 5, 4, 8, 2, 6, 7, 0, 1, 3, 1, 9, 9, 6, 3, 4, 4, 1, 2, 8, 0, 5, 9, 9, 7, 0, 3, 8]
[0, 130, 270, 30, 140, 200, 0, 230, 0, 30, 90, 200, 230, 30, 250, 260, 120, 370, 110, 190, 120, 190, 0, 380, 220, 330, 130, 90, 0, 30, 0]
[130, 190, 440, 110, 200, 320, 230, 400, 30, 90, 200, 230, 380, 110, 260, 270, 250, 430, 190, 370, 140, 220, 120, 390, 330, 340, 220, 130, 30, 180, 40]
Tardiness: 0
Energy Consumption: 669.6138333333342
Number of generations: 119
Calculation time of this iteration (s): 12.863988399505615




ITERATION 3

BEST:
[7, 3, 7, 1, 1, 5, 6, 8, 7, 4, 6, 9, 2, 4, 0, 3, 0, 8, 1, 2, 3, 6, 5, 6, 4, 6, 3, 0, 4, 4, 3]
[9, 7, 7, 9, 1, 3, 4, 6, 3, 8, 1, 5, 0, 6, 8, 2, 3, 9, 7, 6, 2, 9, 9, 0, 1, 9, 0, 2, 4, 3, 0]
[290, 230, 10, 70, 10, 170, 0, 230, 0, 20, 240, 170, 310, 120, 200, 0, 260, 390, 200, 0, 180, 150, 0, 230, 290, 0, 20, 180, 120, 0, 0]
[420, 290, 180, 150, 70, 290, 230, 400, 20, 170, 310, 200, 460, 200, 260, 10, 390, 450, 290, 180, 200, 180, 120, 240, 400, 10, 170, 230, 150, 120, 40]
Tardiness: 0
Energy Consumption: 752.8666666666636
Number of generations: 118
Calculation time of this iteration (s): 13.142156600952148




ITERATION 4

BEST:
[4, 0, 2, 7, 3, 6, 3, 4, 3, 8, 5, 1, 6, 9, 6, 7, 4, 0, 3, 1, 7, 5, 8, 6, 4, 1, 2, 6, 0, 4, 3]
[8, 8, 0, 7, 6, 1, 1, 4, 2, 6, 1, 9, 4, 5, 9, 9, 8, 2, 0, 5, 9, 3, 9, 0, 4, 7, 6, 9, 5, 3, 0]
[190, 320, 20, 60, 0, 210, 0, 230, 60, 0, 230, 90, 310, 0, 20, 190, 200, 350, 90, 170, 150, 0, 30, 300, 310, 170, 0, 180, 190, 60, 0]
[320, 450, 190, 210, 60, 330, 230, 400, 90, 60, 300, 120, 460, 20, 30, 200, 330, 410, 170, 350, 170, 30, 150, 310, 420, 180, 150, 190, 220, 180, 40]
Tardiness: 0
Energy Consumption: 690.1234999999948
Number of generations: 102
Calculation time of this iteration (s): 11.406892776489258




ITERATION 5

BEST:
[9, 6, 3, 7, 3, 4, 2, 6, 7, 5, 0, 1, 4, 4, 1, 5, 8, 8, 4, 7, 6, 6, 2, 1, 0, 3, 3, 4, 6, 3, 0]
[5, 9, 1, 9, 6, 3, 0, 4, 9, 9, 3, 1, 4, 8, 7, 3, 6, 9, 8, 7, 1, 0, 6, 9, 8, 2, 5, 0, 9, 0, 8]
[350, 60, 180, 30, 240, 110, 0, 230, 0, 30, 360, 90, 120, 150, 140, 170, 240, 0, 40, 130, 0, 140, 20, 230, 300, 20, 230, 30, 210, 90, 0]
[430, 120, 350, 110, 300, 230, 230, 400, 30, 90, 430, 120, 360, 170, 150, 180, 340, 60, 130, 310, 20, 170, 140, 240, 410, 30, 380, 40, 240, 210, 40]
Tardiness: 0
Energy Consumption: 593.2979999999976
Number of generations: 114
Calculation time of this iteration (s): 11.739770889282227




ITERATION 6

BEST:
[9, 8, 2, 4, 4, 7, 3, 3, 1, 1, 0, 5, 7, 0, 0, 6, 6, 7, 5, 8, 6, 4, 4, 3, 3, 6, 4, 1, 3, 2, 6]
[5, 9, 0, 4, 8, 9, 1, 6, 9, 5, 3, 8, 7, 8, 8, 1, 4, 3, 9, 6, 0, 4, 3, 2, 0, 9, 5, 7, 0, 6, 9]
[370, 0, 200, 100, 40, 250, 0, 230, 0, 30, 240, 90, 310, 10, 0, 370, 180, 310, 200, 30, 290, 30, 60, 230, 310, 30, 40, 190, 0, 90, 0]
[450, 60, 370, 250, 100, 370, 230, 400, 30, 90, 310, 120, 460, 30, 10, 480, 310, 370, 290, 200, 310, 60, 180, 240, 420, 40, 190, 240, 30, 210, 40]
Tardiness: 0
Energy Consumption: 654.2778333333256
Number of generations: 113
Calculation time of this iteration (s): 12.374017715454102




ITERATION 7

BEST:
[8, 9, 3, 1, 7, 4, 4, 7, 6, 2, 5, 0, 4, 0, 3, 1, 2, 6, 8, 6, 5, 1, 0, 3, 3, 7, 4, 6, 3, 4, 6]
[6, 5, 1, 1, 9, 8, 9, 7, 4, 0, 8, 3, 4, 2, 6, 9, 6, 1, 9, 4, 1, 7, 8, 2, 0, 9, 3, 0, 0, 4, 9]
[60, 0, 190, 30, 110, 170, 0, 230, 0, 120, 230, 190, 310, 10, 110, 0, 260, 120, 180, 10, 0, 110, 140, 300, 310, 0, 10, 200, 170, 0, 0]
[190, 60, 360, 110, 170, 290, 230, 400, 30, 180, 300, 220, 460, 90, 120, 10, 390, 180, 260, 180, 110, 140, 260, 310, 420, 10, 160, 210, 200, 120, 40]
Tardiness: 0
Energy Consumption: 656.7333333333379
Number of generations: 98
Calculation time of this iteration (s): 10.619165182113647




ITERATION 8

BEST:
[7, 6, 8, 5, 7, 6, 3, 2, 0, 9, 0, 3, 4, 5, 1, 3, 8, 6, 7, 2, 6, 1, 4, 1, 3, 6, 4, 0, 3, 4, 4]
[9, 9, 9, 1, 5, 4, 1, 0, 8, 5, 3, 6, 6, 8, 9, 2, 7, 1, 6, 6, 3, 1, 8, 7, 0, 9, 4, 8, 0, 3, 4]
[0, 80, 260, 180, 60, 260, 0, 290, 80, 110, 230, 170, 300, 170, 260, 250, 330, 270, 0, 80, 10, 150, 30, 180, 270, 0, 10, 250, 30, 60, 100]
[80, 140, 430, 260, 120, 380, 230, 460, 110, 170, 300, 200, 450, 250, 270, 260, 460, 330, 80, 250, 30, 180, 150, 270, 380, 10, 100, 290, 60, 210, 140]
Tardiness: 0
Energy Consumption: 709.9645000000007
Number of generations: 137
Calculation time of this iteration (s): 15.262643337249756




ITERATION 9

BEST:
[6, 9, 3, 6, 0, 4, 2, 1, 8, 8, 7, 1, 6, 0, 3, 5, 7, 5, 4, 4, 3, 6, 2, 0, 1, 3, 4, 6, 7, 4, 3]
[9, 5, 1, 1, 8, 6, 0, 5, 9, 7, 3, 9, 4, 3, 2, 1, 5, 3, 8, 4, 6, 0, 6, 8, 7, 0, 4, 9, 9, 3, 0]
[0, 100, 160, 40, 190, 250, 0, 230, 0, 80, 240, 30, 310, 0, 180, 80, 190, 340, 60, 160, 0, 30, 60, 230, 250, 0, 190, 360, 20, 50, 0]
[80, 160, 330, 190, 250, 370, 230, 400, 30, 140, 310, 60, 460, 80, 190, 90, 320, 400, 140, 340, 20, 60, 180, 240, 360, 100, 280, 370, 50, 200, 40]
Tardiness: 0
Energy Consumption: 703.2051666666634
Number of generations: 98
Calculation time of this iteration (s): 10.795016527175903




ITERATION 10

BEST:
[1, 6, 0, 0, 5, 6, 3, 4, 5, 8, 9, 7, 2, 4, 7, 8, 6, 3, 0, 4, 1, 1, 7, 6, 2, 3, 3, 4, 6, 4, 3]
[5, 9, 2, 3, 1, 6, 1, 8, 8, 9, 5, 6, 0, 9, 9, 7, 4, 6, 8, 4, 9, 7, 5, 0, 6, 2, 0, 4, 9, 3, 0]
[0, 130, 250, 0, 150, 210, 0, 230, 80, 130, 240, 190, 310, 50, 210, 0, 220, 350, 0, 80, 0, 20, 90, 230, 240, 130, 190, 90, 20, 50, 150]
[130, 190, 420, 150, 210, 330, 230, 400, 110, 190, 310, 220, 460, 130, 220, 10, 350, 410, 80, 250, 20, 90, 210, 240, 350, 140, 280, 130, 50, 200, 190]
Tardiness: 0
Energy Consumption: 701.7804999999978
Number of generations: 101
Calculation time of this iteration (s): 10.869691133499146




SUMMARY


GLOBAL BEST:
[9, 6, 3, 7, 3, 4, 2, 6, 7, 5, 0, 1, 4, 4, 1, 5, 8, 8, 4, 7, 6, 6, 2, 1, 0, 3, 3, 4, 6, 3, 0]
[5, 9, 1, 9, 6, 3, 0, 4, 9, 9, 3, 1, 4, 8, 7, 3, 6, 9, 8, 7, 1, 0, 6, 9, 8, 2, 5, 0, 9, 0, 8]
[350, 60, 180, 30, 240, 110, 0, 230, 0, 30, 360, 90, 120, 150, 140, 170, 240, 0, 40, 130, 0, 140, 20, 230, 300, 20, 230, 30, 210, 90, 0]
[430, 120, 350, 110, 300, 230, 230, 400, 30, 90, 430, 120, 360, 170, 150, 180, 340, 60, 130, 310, 20, 170, 140, 240, 410, 30, 380, 40, 240, 210, 40]
Tardiness: 0
Energy Consumption: 593.2979999999976


Total execution time (s)
121.71466040611267
